> 9688 PACIFIC-EASTER SPREADING CENTER                   
-114.5623  -23.0956
-115.0631  -23.1321
-114.9566  -23.4526
-115.4259  -23.6453
-115.3312  -23.9610
-116.3525  -24.3517
-116.3131  -24.4781
-116.2658  -24.7053
-116.1948  -24.9284
-116.1317  -25.1260
-116.0213  -25.3341
-115.8991  -25.5381
-115.7689  -25.7026
-115.6467  -25.8632
-115.5126  -26.0166
-115.3509  -26.1803
-115.2169  -26.3190
-115.1104  -26.3936
-114.6254  -26.6313
-113.3399  -26.6490
>	9688
-110.5718	-34.6042
-110.8536	-34.9306
-110.8767	-35.3146
-110.8959	-35.7905
-110.5804	-35.8279
-110.7112	-36.22
-110.7382	-36.3565
-110.4726	-36.4092
-110.8651	-37.6715
-111.2692	-38.8707
-111.2692	-38.9725
-110.3957	-38.9875
-110.6766	-40.159
-110.8344	-41.354
-110.9536	-42.2489
-111.35	-42.2033
-111.7309	-43.1706
-112.2196	-44.3819
-112.5505	-45.4878
-112.6736	-45.8347
-112.4235	-45.8561
-112.9507	-47.227
-113.3124	-48.3208
-113.7472	-49.3591
-113.8703	-49.8504
-115.2286	-49.5891
-116.3868	-49.3691
-117.2295	-50.4152
-117.8183	-51.3282
-118.4108	-52.2115
-118.8687	-52.7505
-118.9765	-52.8993
-117.6528	-53.1239
-118.0299	-53.6927
-118.3069	-54.3483
-118.5801	-54.8144
-119.6806	-54.641
-120.6734	-54.411
-121.2313	-55.2225
-121.643	-55.8301

> 9688 PACIFIC-NAZCA SPREADING CENTER                    
-102.1806    0.2656
-102.1727    0.1346
-102.1845   -0.0043
-102.2200   -0.1314
-102.2713   -0.2386
-102.3502   -0.3934
-102.3975   -0.4926
-102.4487   -0.6633
-102.4921   -0.8142
-102.5158   -0.9610
-102.5315   -1.1039
-102.5237   -1.2468
-102.5197   -1.3420
-102.4961   -1.4095
> 9688 JUAN FERNANDEZ-PACIFIC SPREADING CENTER           
-112.0781  -31.5675
-112.1569  -31.6687
-112.2476  -31.8338
-112.3068  -31.9684
-112.3699  -32.1296
-112.4290  -32.2972
-112.4645  -32.4445
-112.4763  -32.6916
-112.4566  -32.8614
-112.4330  -33.0476
-112.4093  -33.2235
-112.4408  -33.4155
-112.5079  -33.5807
-112.5828  -33.7719
-112.6498  -33.9791
-112.6774  -34.1694
-112.7050  -34.2710
-112.7050  -34.2939
-110.5718  -34.6042
> 9688 PACIFIC-GALAPAGOS SPREADING CENTER                
-102.6171    2.4469
-102.6369    2.3316
-102.6448    2.2401
-102.6369    2.2163
-102.6448    2.0452
-102.6646    1.8623
-102.6487    1.7191
-102.6250    1.5440
-102.6013    1.3968
-102.5736    1.2814
-102.5183    1.1541
-102.4669    1.0427
-102.4115    0.9233
-102.3602    0.7960
-102.3167    0.7044
-102.2732    0.6209
-102.2376    0.5492
-102.2257    0.4935
-102.2713    0.4442

> 9688 PACIFIC-COCOS SPREADING CENTER                    
-102.2595    3.7483
-102.2319    3.6493
-102.2003    3.4353
-102.2043    3.2609
-102.2043    3.1183
-102.2003    2.9756
-102.1924    2.8051
-102.1964    2.7218
-102.2161    2.5672
-102.2397    2.4204
-102.2634    2.2816
-102.2950    2.0555
-102.2910    1.9880
-102.3265    1.7936
-102.3620    1.6587
-102.3778    1.5516
-102.3935    1.5119
> 9688 PACIFIC-NAZCA SPREADING CENTER                    
-102.4054   -1.3063
-102.4211   -1.3778
-102.4251   -1.4651
-102.4211   -1.5405
-102.4054   -1.5762
-102.3778   -1.6119
> 9688 PACIFIC-NAZCA SPREADING CENTER                    
-102.3502   -1.5881
-102.3344   -1.6159
-102.3107   -1.6873
-102.3226   -1.7706
-102.3580   -1.8301
-102.3857   -1.8658
-102.4408   -1.9372
> 9688 PACIFIC-NAZCA SPREADING CENTER                    
-102.5158   -1.7746
-102.5670   -1.8817
-102.6143   -2.0404
-102.6498   -2.1951
-102.6735   -2.3498
-102.6932   -2.4926
-102.7090   -2.6314
-102.7169   -2.7583
-102.7169   -2.8614
-102.7090   -2.9644
-102.6932   -3.0516
-102.6696   -3.1270
> 9688 PACIFIC-NAZCA SPREADING CENTER                    
-102.5907   -2.9407
-102.5789   -2.9724
-102.5631   -3.1309
-102.5513   -3.2300
-102.5513   -3.3568
-102.5552   -3.4361
-102.5670   -3.5193
-102.5907   -3.6302
-102.6301   -3.7491
-102.6696   -3.8481
-102.6972   -3.9273
-102.7129   -3.9867
-102.7366   -4.0223
-102.7681   -4.0580
-104.5505   -3.8600
-104.6688   -4.1728
-105.3352   -4.0738
-105.5402   -4.5844
-106.2382   -4.4815
-106.2618   -4.5607
-106.2973   -4.6556
-106.3170   -4.7427
-106.3486   -4.8376
-106.4038   -4.9286
-106.4432   -4.9998
-106.4629   -5.0393
-106.4945   -5.1540
-106.5063   -5.3042
-106.5260   -5.4069
-106.5379   -5.4820
-106.5576   -5.5413
-106.5852   -5.6164
-106.6128   -5.6954
-106.6325   -5.7467
-106.6483   -5.7704
> 9688 PACIFIC-NAZCA SPREADING CENTER                    
-106.6640   -5.5215
-106.6995   -5.5808
-106.7271   -5.6717
-106.7547   -5.7704
-106.7666   -5.8652
-106.7666   -5.9757
-106.7508   -6.0665
-106.7468   -6.1178
> 9688 PACIFIC-NAZCA SPREADING CENTER                    
-106.8375   -5.9757
-106.8415   -5.9915
-106.8651   -6.0823
-106.8770   -6.1731
-106.8770   -6.2520
-106.8888   -6.3230
-106.9085   -6.3901
-106.9440   -6.4611
-106.9480   -6.4729
-107.4487   -6.3625
-107.4961   -6.4335
-107.5237   -6.5321
-107.5670   -6.6977
-107.6025   -6.8278
-107.6104   -6.9302
-107.6183   -7.0406
-107.6065   -7.1351
-107.6025   -7.1942
-107.5986   -7.2454
-107.6341   -7.3123
-107.6735   -7.3674
-107.7405   -7.4304
> 9688 PACIFIC-NAZCA SPREADING CENTER                    
-107.7090   -7.1351
-107.7603   -7.1981
-107.7957   -7.3084
-107.8352   -7.4265
-107.8667   -7.5445
-107.8904   -7.6586
-107.9062   -7.7766
-107.9101   -7.8671
> 9688 PACIFIC-NAZCA SPREADING CENTER                    
-107.6972   -7.1272
-107.7603   -7.1666
-107.8036   -7.2690
-107.8628   -7.4737
-107.8983   -7.5839
-107.9377   -7.7019
-107.9732   -7.8631
-108.0008   -7.9693
-108.0166   -8.0793
-108.0244   -8.1776
-108.0323   -8.2797
-108.0244   -8.3347
-108.0205   -8.3661
> 9801 PACIFIC-COCOS SPREADING CENTER                    
-105.4002   17.7668
-105.5345   17.0126
-105.3695   17.0309
-105.3963   16.2627
-105.3580   15.5581
-105.3196   15.1067
-104.6905   15.2733
-104.4372   14.0709
-103.9270   12.5852
-103.7697   11.8916
-103.8771   11.8728
-103.7390   10.9364
-103.6278   10.2765
-103.5971   10.1217
-104.2953   10.0160
-104.2953    9.1724
-104.2569    8.4559
-104.2301    8.3421
-102.9602    8.3990
-102.6572    7.1827
-102.4577    5.5280
-102.1815    3.7768
-102.2595    3.7483
> 6828 SPREADING RIDGE, WOODLARK BASIN                   
 151.7810   -9.9085
 151.8822   -9.9440
 152.0024   -9.9713
 152.2075   -9.9768
 152.2540   -9.9877
> 9921 RIDGE S OF RIVERA PLATE, E. PACIFIC               
-105.8440   17.9967
-105.4111   17.9880
-105.5519   17.0155
-105.4002   17.7668
> 9688 PACIFIC-NAZCA SPREADING CENTER                    
-112.8588  -26.4575
-112.8983  -26.5994
-112.9495  -26.7659
-112.9416  -26.9286
-112.9219  -27.0770
-112.9338  -27.2956
-112.9298  -27.4259
-112.9298  -27.5279
-112.9377  -27.5700
> 9688 PACIFIC-NAZCA SPREADING CENTER                    
-112.8352  -27.4224
-112.8352  -27.5736
-112.8076  -27.8508
-112.7918  -28.0819
-112.7760  -28.2810
-112.7445  -28.5390
-112.7208  -28.8033
-112.6814  -29.0081
-112.6538  -29.1812
-112.6104  -29.3299
-112.5631  -29.4163
> 9688 PACIFIC-NAZCA SPREADING CENTER                    
-111.8454  -28.7686
-111.8139  -28.8867
-111.7547  -29.1051
-111.7074  -29.2573
-111.6916  -29.4646
-111.6995  -29.6473
-111.6916  -29.8607
-111.7153  -30.0975
-111.7232  -30.2928
-111.7429  -30.4945
-111.7587  -30.7196
-111.7863  -30.8864
-111.8178  -31.0529
-111.8691  -31.2496
-111.9006  -31.4256
-111.9361  -31.6114
-111.9637  -31.7867
-112.0071  -31.9684
-112.0347  -32.0826
-112.0544  -32.1866
> 9688 PACIFIC-NAZCA SPREADING CENTER                    
-108.0166   -8.1422
-108.0678   -8.1776
-108.1191   -8.2640
-108.1506   -8.3779
-108.1980   -8.5349
-108.2137   -8.6527
-108.2177   -8.7311
-108.2256   -8.8527
-108.2334   -8.9508
-108.2808   -9.0880
-108.3123   -9.1546
-108.3162   -9.1703
-109.7279   -8.9468
-109.7752   -9.0723
-109.7950   -9.1546
-109.8226   -9.2839
-109.8304   -9.3818
-109.8304   -9.4679
-109.8423   -9.5736
-109.8699   -9.6597
-109.9132   -9.7419
-109.9527   -9.8044
-109.9842   -9.8631
> 9688 PACIFIC-NAZCA SPREADING CENTER                    
-109.9882   -9.6284
-110.0197   -9.6949
-110.0828   -9.8514
-110.1656  -10.0468
-110.2169  -10.2031
-110.2445  -10.3671
-110.2524  -10.4764
-110.2800  -10.6130
-110.3115  -10.7300
-110.3549  -10.8314
-110.4101  -10.9249
-110.4495  -10.9834
-110.4771  -11.0067
> 9688 PACIFIC-NAZCA SPREADING CENTER                    
-110.3746  -10.6091
-110.3904  -10.6715
-110.4259  -10.7573
-110.4614  -10.8431
-110.4850  -10.9405
-110.5126  -11.0535
-110.5087  -11.1353
-110.5047  -11.1898
-110.5166  -11.2793
-110.5323  -11.3649
-110.5520  -11.4349
-110.5836  -11.5244
-110.6073  -11.5827
-110.6309  -11.6527
-110.6546  -11.6682
> 9688 PACIFIC-NAZCA SPREADING CENTER                    
-110.6585  -11.3610
-110.6782  -11.4388
-110.7256  -11.5944
-110.8162  -11.7498
-110.8636  -11.8625
-110.9148  -11.9945
-110.9582  -12.1270
-110.9937  -12.2976
-111.0173  -12.4023
-111.0450  -12.5302
-111.0647  -12.6348
-111.0804  -12.7316
-111.0883  -12.7974
-111.0844  -12.8477
-111.0686  -12.9173
> 9688 PACIFIC-NAZCA SPREADING CENTER                    
-110.8754  -12.7393
-110.8951  -12.8322
-110.8951  -12.9482
-110.9148  -13.0411
-110.9345  -13.1068
-110.9464  -13.1531
> 9688 PACIFIC-NAZCA SPREADING CENTER                    
-110.8675  -13.0604
-110.8596  -13.1029
-110.8675  -13.1841
-110.8912  -13.2497
-110.9188  -13.3038
-110.9543  -13.3463
-110.9819  -13.3772
-111.0134  -13.4119
> 9688 PACIFIC-NAZCA SPREADING CENTER                    
-111.0962  -13.2691
-111.1948  -13.4196
-111.2579  -13.5624
-112.3935  -13.3347
-112.4014  -13.4235
-112.4566  -13.5316
-112.4724  -13.6781
-112.4645  -13.7668
-112.4487  -13.8824
-112.4921  -13.9440
-112.5158  -13.9825
-112.5513  -14.0672
-112.5513  -14.1250
-112.5434  -14.1981
-112.5394  -14.2865
-112.5394  -14.3904
-112.5473  -14.4903
-112.5670  -14.6093
-112.5946  -14.6708
-112.6262  -14.7437
-112.6577  -14.8089
-112.6932  -14.8665
> 9688 PACIFIC-NAZCA SPREADING CENTER                    
-112.6932  -14.6132
-112.7445  -14.6516
-112.7760  -14.7552
-112.8233  -14.8665
-112.8470  -14.9968
-112.8667  -15.0850
-112.8983  -15.2267
-112.9140  -15.3262
-112.9377  -15.4830
-112.9614  -15.6130
-112.9890  -15.7162
-112.9968  -15.7811
-113.0008  -15.8384
-113.0008  -15.8651
> 9688 PACIFIC-NAZCA SPREADING CENTER                    
-112.8983  -15.6665
-112.9140  -15.7276
-112.9180  -15.8345
-112.9574  -15.9414
-113.0205  -16.0406
-113.0560  -16.1130
-113.0678  -16.1854
-113.0875  -16.2807
-113.0915  -16.3797
-113.0875  -16.4139
> 9688 PACIFIC-NAZCA SPREADING CENTER                    
-112.9771  -16.3264
-112.9811  -16.3416
-112.9968  -16.4482
-113.0442  -16.5509
-113.0797  -16.6079
-113.1349  -16.6688
-113.1861  -16.7144
> 9688 PACIFIC-NAZCA SPREADING CENTER                    
-113.0481  -16.6840
-113.0718  -16.7448
-113.1073  -16.8169
-113.1349  -16.8853
-113.1664  -16.9536
-113.2058  -17.0219
-113.2177  -17.0523
-113.2295  -17.0978
> 9688 PACIFIC-NAZCA SPREADING CENTER                    
-113.1270  -17.0523
-113.1270  -17.0978
-113.1782  -17.2380
-113.2295  -17.3403
-113.2808  -17.4426
-113.2965  -17.5069
-113.3044  -17.5598
> 9688 PACIFIC-NAZCA SPREADING CENTER                    
-113.1940  -17.5485
-113.2137  -17.6052
-113.2413  -17.6771
-113.2768  -17.7338
-113.3084  -17.8056
-113.3517  -17.8849
-113.3596  -17.9490
-113.3636  -18.0132
-113.3636  -18.0471
> 9688 PACIFIC-NAZCA SPREADING CENTER                    
-113.2729  -17.9679
-113.2886  -18.0735
-113.2847  -18.1452
-113.3005  -18.2017
-113.3281  -18.2733
-113.3636  -18.3336
-113.3793  -18.3788
-113.3872  -18.4653
-113.3912  -18.4954
> 9688 PACIFIC-NAZCA SPREADING CENTER                    
-113.2729  -18.3938
-113.2886  -18.4691
-113.3123  -18.5556
-113.3478  -18.6271
-113.4030  -18.6910
-113.4700  -18.7398
-113.4976  -18.7962
-113.5095  -18.8487
-113.5095  -18.9088
> 9688 PACIFIC-NAZCA SPREADING CENTER                    
-113.3596  -18.7511
-113.3872  -18.8037
-113.3991  -18.8900
-113.4306  -18.9688
-113.4976  -19.0438
-113.5331  -19.0963
-113.5765  -19.1638
-113.5923  -19.2200
-113.6120  -19.2949
-113.6238  -19.3398
-113.6317  -19.3772
> 9688 PACIFIC-NAZCA SPREADING CENTER                    
-113.4937  -19.2387
-113.5213  -19.3061
-113.5450  -19.3997
-113.5804  -19.5044
-113.6356  -19.6203
-113.6672  -19.7025
-113.7027  -19.8817
-113.7342  -20.0606
-113.7500  -20.1761
-113.7579  -20.2617
-113.7737  -20.3398
-113.8446  -20.4922
-113.8801  -20.5999
-113.9156  -20.7002
> 9688 PACIFIC-NAZCA SPREADING CENTER                    
-113.9827  -20.6296
-114.0181  -20.6927
-114.1088  -20.9189
-114.1325  -21.0448
-114.1562  -21.1300
-114.1640  -21.2224
-114.1759  -21.3148
-114.1759  -21.4035
-114.1838  -21.5142
-114.2035  -21.6101
-114.2232  -21.6986
-114.2468  -21.7870
-114.2547  -21.8423
> 9688 PACIFIC-NAZCA SPREADING CENTER                    
-114.3099  -21.6581
-114.3651  -21.6839
-114.4046  -21.7612
-114.4203  -21.8386
-114.4243  -21.9122
-114.4085  -21.9710
-114.3967  -22.0336
-114.3888  -22.0556
-114.3691  -22.1144
-114.3651  -22.1842
-114.3691  -22.2430
-114.3849  -22.3017
-114.3967  -22.3457
> 9688 PACIFIC-NAZCA SPREADING CENTER                    
-114.3967  -22.1438
-114.4164  -22.1769
-114.4834  -22.2283
-114.5268  -22.3017
-114.5465  -22.4081
-114.5860  -22.5473
-114.6096  -22.6462
-114.6175  -22.7523
-114.6254  -22.8875
-114.6136  -22.9606
-114.6057  -23.0263
-114.5938  -23.0774
-114.5623  -23.0956
> 9688 PACIFIC-NAZCA SPREADING CENTER                    
-110.8675  -13.0604
-110.8596  -13.1029
-110.8675  -13.1841
-110.8912  -13.2497
-110.9188  -13.3038
-110.9543  -13.3463
-110.9819  -13.3772
-111.0134  -13.4119
> 9688 PACIFIC-NAZCA SPREADING CENTER                    
-111.0962  -13.2691
-111.1948  -13.4196
-111.2579  -13.5624
-112.3935  -13.3347
-112.4014  -13.4235
-112.4566  -13.5316
-112.4724  -13.6781
-112.4645  -13.7668
-112.4487  -13.8824
-112.4921  -13.9440
-112.5158  -13.9825
-112.5513  -14.0672
-112.5513  -14.1250
-112.5434  -14.1981
-112.5394  -14.2865
-112.5394  -14.3904
-112.5473  -14.4903
-112.5670  -14.6093
-112.5946  -14.6708
-112.6262  -14.7437
-112.6577  -14.8089
-112.6932  -14.8665
> 9688 PACIFIC-NAZCA SPREADING CENTER                    
-112.6932  -14.6132
-112.7445  -14.6516
-112.7760  -14.7552
-112.8233  -14.8665
-112.8470  -14.9968
-112.8667  -15.0850
-112.8983  -15.2267
-112.9140  -15.3262
-112.9377  -15.4830
-112.9614  -15.6130
-112.9890  -15.7162
-112.9968  -15.7811
-113.0008  -15.8384
-113.0008  -15.8651
> 9688 PACIFIC-NAZCA SPREADING CENTER                    
-112.8983  -15.6665
-112.9140  -15.7276
-112.9180  -15.8345
-112.9574  -15.9414
-113.0205  -16.0406
-113.0560  -16.1130
-113.0678  -16.1854
-113.0875  -16.2807
-113.0915  -16.3797
-113.0875  -16.4139
> 9688 PACIFIC-NAZCA SPREADING CENTER                    
-112.9771  -16.3264
-112.9811  -16.3416
-112.9968  -16.4482
-113.0442  -16.5509
-113.0797  -16.6079
-113.1349  -16.6688
-113.1861  -16.7144
> 9688 PACIFIC-NAZCA SPREADING CENTER                    
-113.0481  -16.6840
-113.0718  -16.7448
-113.1073  -16.8169
-113.1349  -16.8853
-113.1664  -16.9536
-113.2058  -17.0219
-113.2177  -17.0523
-113.2295  -17.0978
> 9688 PACIFIC-NAZCA SPREADING CENTER                    
-113.1270  -17.0523
-113.1270  -17.0978
-113.1782  -17.2380
-113.2295  -17.3403
-113.2808  -17.4426
-113.2965  -17.5069
-113.3044  -17.5598
> 9688 PACIFIC-NAZCA SPREADING CENTER                    
-113.1940  -17.5485
-113.2137  -17.6052
-113.2413  -17.6771
-113.2768  -17.7338
-113.3084  -17.8056
-113.3517  -17.8849
-113.3596  -17.9490
-113.3636  -18.0132
-113.3636  -18.0471
> 9688 PACIFIC-NAZCA SPREADING CENTER                    
-113.2729  -17.9679
-113.2886  -18.0735
-113.2847  -18.1452
-113.3005  -18.2017
-113.3281  -18.2733
-113.3636  -18.3336
-113.3793  -18.3788
-113.3872  -18.4653
-113.3912  -18.4954
> 9688 PACIFIC-NAZCA SPREADING CENTER                    
-113.2729  -18.3938
-113.2886  -18.4691
-113.3123  -18.5556
-113.3478  -18.6271
-113.4030  -18.6910
-113.4700  -18.7398
-113.4976  -18.7962
-113.5095  -18.8487
-113.5095  -18.9088
> 9688 PACIFIC-NAZCA SPREADING CENTER                    
-113.3596  -18.7511
-113.3872  -18.8037
-113.3991  -18.8900
-113.4306  -18.9688
-113.4976  -19.0438
-113.5331  -19.0963
-113.5765  -19.1638
-113.5923  -19.2200
-113.6120  -19.2949
-113.6238  -19.3398
-113.6317  -19.3772
> 9688 PACIFIC-NAZCA SPREADING CENTER                    
-113.4937  -19.2387
-113.5213  -19.3061
-113.5450  -19.3997
-113.5804  -19.5044
-113.6356  -19.6203
-113.6672  -19.7025
-113.7027  -19.8817
-113.7342  -20.0606
-113.7500  -20.1761
-113.7579  -20.2617
-113.7737  -20.3398
-113.8446  -20.4922
-113.8801  -20.5999
-113.9156  -20.7002
> 9688 PACIFIC-NAZCA SPREADING CENTER                    
-113.9827  -20.6296
-114.0181  -20.6927
-114.1088  -20.9189
-114.1325  -21.0448
-114.1562  -21.1300
-114.1640  -21.2224
-114.1759  -21.3148
-114.1759  -21.4035
-114.1838  -21.5142
-114.2035  -21.6101
-114.2232  -21.6986
-114.2468  -21.7870
-114.2547  -21.8423
> 9688 PACIFIC-NAZCA SPREADING CENTER                    
-114.3099  -21.6581
-114.3651  -21.6839
-114.4046  -21.7612
-114.4203  -21.8386
-114.4243  -21.9122
-114.4085  -21.9710
-114.3967  -22.0336
-114.3888  -22.0556
-114.3691  -22.1144
-114.3651  -22.1842
-114.3691  -22.2430
-114.3849  -22.3017
-114.3967  -22.3457
> 9688 PACIFIC-NAZCA SPREADING CENTER                    
-114.3967  -22.1438
-114.4164  -22.1769
-114.4834  -22.2283
-114.5268  -22.3017
-114.5465  -22.4081
-114.5860  -22.5473
-114.6096  -22.6462
-114.6175  -22.7523
-114.6254  -22.8875
-114.6136  -22.9606
-114.6057  -23.0263
-114.5938  -23.0774
-114.5623  -23.0956
