> 9688 EASTER-NAZCA SPREADING CENTER                     
-114.5623  -23.0956
-113.3281  -23.0336
-111.9874  -22.7852
> 9688 EASTER-NAZCA SPREADING CENTER                     
-111.9164  -22.8766
-111.8218  -22.9460
-111.6956  -23.0701
-111.5694  -23.1868
-111.4629  -23.2852
-111.3998  -23.3981
-111.3762  -23.5327
-111.3722  -23.7071
-111.3801  -23.8703
-111.3920  -23.9755
-111.4038  -24.0370
-111.4156  -24.0769
> 9688 EASTER-NAZCA SPREADING CENTER                     
-111.7311  -23.7905
-111.7705  -23.8812
-111.8060  -24.0696
-111.8375  -24.1854
-111.8533  -24.2686
-111.8494  -24.3734
-111.8454  -24.4962
-111.8297  -24.6044
-111.8060  -24.6873
-111.7784  -24.7881
-111.7981  -24.9032
-111.8297  -25.0398
-111.8612  -25.1296
-111.8770  -25.2157
> 9688 EASTER-NAZCA SPREADING CENTER                     
-112.2752  -24.6116
-112.3028  -24.7197
-112.2792  -24.8960
-112.2871  -25.0003
-112.2831  -25.0757
-112.2752  -25.1152
-112.2358  -25.1942
-112.2082  -25.2839
-112.1885  -25.3520
-112.1806  -25.4523
> 9688 EASTER-NAZCA SPREADING CENTER                     
-112.3659  -25.2767
-112.3147  -25.4952
-112.2871  -25.5846
-112.2989  -25.6740
-112.3423  -25.7562
> 9688 EASTER-NAZCA SPREADING CENTER                     
-112.4685  -25.6240
-112.5000  -25.7133
-112.5079  -25.8276
-112.5158  -25.9061
-112.4882  -25.9560
-112.4606  -25.9987
-112.4408  -26.1020
-112.4408  -26.1341
-112.4487  -26.1839
> 9688 EASTER-NAZCA SPREADING CENTER                     
-112.6104  -26.0557
-112.6104  -26.1234
-112.6143  -26.2444
-112.6143  -26.3190
-112.5907  -26.4007
-112.5749  -26.4717
-112.5710  -26.5675
-112.5828  -26.6242
-112.6380  -26.6880