> 9607 PACIFIC-ANTARCTIC SPREADING RIDGE (FROM GEOSAT), S
 162.7750  -61.7480
 163.0500  -61.8849
 163.3100  -62.0119
 163.5800  -62.1547
 163.7800  -62.2713
 163.9650  -62.3758
 164.2350  -62.2899
 164.4700  -62.2084
 164.6550  -62.1477
 164.9200  -62.0635
 165.0550  -62.0377
 165.3050  -62.1571
 165.5400  -62.2945
 165.7150  -62.4522
 165.8950  -62.5630
 165.9800  -62.6228
 166.3200  -62.5307
 166.5700  -62.4522
 166.9050  -62.3619
 167.1600  -62.4892
 167.4250  -62.6527
 167.6300  -62.7810
 167.8750  -62.9065
 168.1050  -62.8244
 168.3600  -62.7421
 168.5550  -62.6734
 168.8300  -62.8518
 169.1250  -63.0383
 169.4800  -63.2484
 169.8400  -63.4189
 170.0300  -63.5127
 170.3300  -63.3898
 170.6500  -63.2731
 170.9000  -63.1921
 171.1450  -63.1130
 171.3850  -63.2754
 171.5450  -63.3674
 171.6850  -63.4525
 171.9800  -63.3338
 172.2150  -63.4904
 172.4550  -63.6218
 172.6050  -63.6950
 172.6600  -63.7349
 172.9800  -63.6196
 173.2450  -63.5573
 173.4900  -63.4994
 173.6550  -63.4569
 173.9250  -63.6151
 174.2050  -63.7592
 174.4350  -63.8871
 174.7300  -64.0473
 174.9700  -64.1870
 175.2100  -64.3260
 175.3850  -64.2544
 175.7150  -64.1565
 176.0450  -64.3347
 176.2400  -64.4427
 176.4550  -64.5654
 176.6150  -64.5203
 176.7850  -64.4621
 177.0050  -64.5611
 177.2250  -64.6555
 177.3250  -64.6940
 177.4650  -64.6426
 177.6550  -64.5740
 177.9300  -64.7345
 178.0800  -64.8134
 178.2650  -64.9068
 178.4250  -64.8219
 178.6150  -64.7644
 178.7750  -64.6940
 179.0950  -64.8559
 179.3750  -64.9852
 179.5800  -65.0949
 179.7600  -65.1643
 179.9350  -65.0949
-179.7700  -64.9704
-179.4300  -65.1433
-179.1300  -65.2733
-178.8500  -65.3756
-178.6250  -65.4754
-178.4700  -65.5479
-178.3550  -65.6000
-178.2750  -65.5438
-178.0600  -65.4525
-177.8800  -65.3860
-177.6650  -65.2921
-177.4950  -65.4089
-177.2800  -65.5086
-177.0600  -65.6182
-176.8650  -65.5458
-176.6000  -65.4588
-176.3800  -65.3818
-176.2650  -65.3485
-176.0500  -65.2503
-175.8050  -65.3714
-175.5750  -65.4899
-175.2750  -65.6120
-174.9100  -65.4546
-174.5950  -65.3213
-174.3000  -65.2230
-174.0600  -65.1517
-173.8500  -65.0696
-173.5900  -64.9323
-173.4200  -65.0126
-173.2250  -65.1012
-172.9800  -64.9492
-172.8200  -64.8793
-172.5700  -64.7900
-172.4250  -64.7217
-172.2650  -64.6405
-172.3950  -64.5976
-172.1700  -64.5009
-171.9450  -64.4039
-171.7500  -64.3260
-171.6700  -64.2436
-171.5450  -64.1522
-171.2550  -64.2696
-171.0050  -64.3498
-170.7050  -64.4492
-170.4850  -64.5439
-170.2450  -64.6469
-170.0200  -64.5224
-169.6500  -64.3715
-169.3350  -64.2305
-168.9450  -64.0320
-168.5650  -63.8585
-168.2950  -63.7349
-168.0650  -63.6218
-167.9100  -63.5529
-167.7900  -63.4860
-167.5950  -63.5529
-167.4900  -63.5951
-167.3350  -63.6618
> 9607 PACIFIC-ANTARCTIC SPREADING RIDGE (FROM GEOSAT), S
-167.2950  -63.6462
-166.8900  -63.6151
-166.4200  -63.6151
-165.9300  -63.6129
-165.4700  -63.5818
-164.9800  -63.5773
-164.5500  -63.5662
-164.2800  -63.5529
-163.9250  -63.5127
> 9607 PACIFIC-ANTARCTIC SPREADING RIDGE (FROM GEOSAT), S
-167.2950  -63.6462
-167.2250  -63.4525
-167.1700  -63.2214
-167.1350  -62.9771
-167.0700  -62.7353
-167.0250  -62.5422
-166.9900  -62.3897
-166.9650  -62.2782
-166.9300  -62.1197
> 9607 PACIFIC-ANTARCTIC SPREADING RIDGE (FROM GEOSAT), S
-163.6300  -63.1130
-163.2900  -62.9248
-162.9400  -62.7284
-162.6550  -62.5561
-162.3700  -62.4082
-162.1150  -62.2573
-161.9400  -62.1594
-161.7050  -61.9955
-161.4600  -62.0846
-160.9400  -62.2294
-160.4050  -62.4036
-159.9200  -62.5584
-159.5000  -62.6825
-159.2100  -62.7604
-158.8950  -62.8541
-158.6350  -62.9361
-158.3450  -63.0066
-158.0500  -63.0791
-157.7650  -63.1334
-157.5500  -63.1740
-157.3900  -63.2214
-157.1700  -63.0565
-156.9250  -62.8792
-156.7450  -62.7559
-156.5000  -62.5676
-156.1450  -62.3270
-155.8350  -62.1360
-155.6600  -61.9978
-155.3850  -62.0752
-155.1350  -62.1430
-154.9750  -62.1827
-154.8200  -62.0448
-154.5150  -61.8283
-154.1900  -61.5723
-153.8750  -61.3022
-153.4850  -61.0636
-153.0850  -60.7476
-152.6300  -60.4407
-152.3850  -60.2651
-152.2100  -60.0985
-151.9500  -59.8834
-151.7150  -59.6872
-151.5450  -59.5557
-151.4400  -59.4390
