> 9514 SOUTHEAST INDIAN OCEAN RIDGE [FROM SMITH & SANDWEL
  70.0000  -25.5678
  70.2004  -25.8203
  70.2863  -25.8974
  70.4009  -26.0836
  70.5011  -26.1542
  70.7373  -26.0708
  70.8805  -26.2183
  71.1167  -26.0644
  71.2384  -26.0066
  71.3243  -25.9938
  71.4173  -26.1349
  71.5605  -26.3463
  71.7752  -26.3463
  71.9041  -26.5382
  72.0472  -26.6914
  72.1832  -26.8509
  72.3049  -26.9591
  72.4409  -27.0037
  72.6772  -27.2389
  72.8346  -27.4419
  72.9921  -27.4292
  73.1496  -27.3595
  73.2999  -27.4546
  73.4717  -27.4356
  73.5863  -27.4166
  73.6865  -27.6003
  73.6936  -27.6952
  74.0157  -27.8658
  74.1518  -28.0361
  74.3808  -28.1810
  74.3164  -28.3132
  74.2520  -28.3949
  74.1875  -28.5016
  74.3665  -28.6710
  74.5097  -28.7837
  74.6671  -28.8650
  74.7888  -28.9713
  74.8747  -29.0712
  74.9893  -29.2895
  75.1253  -29.4513
  75.4474  -29.6936
  75.3472  -29.8176
  75.2255  -29.9105
  75.4402  -30.0652
  75.6120  -30.2504
  76.0845  -30.6691
  76.0773  -30.8041
  76.3636  -31.0370
  76.5784  -31.2326
  76.7359  -31.4461
  76.4495  -31.6713
  76.7645  -31.8777
  76.9148  -31.9687
  77.1582  -32.2530
  77.4517  -32.6267
  77.7237  -32.8850
  77.5304  -33.0408
  77.5948  -33.2561
  77.6092  -33.3397
  77.6807  -33.4053
  77.5161  -33.5720
  77.3014  -33.7088
  77.4087  -33.7682
  77.6092  -34.0350
  77.8311  -34.1473
  77.9885  -34.3186
  78.2105  -34.5895
  78.4037  -34.6835
  78.7187  -35.0352
  78.6901  -35.2396
  78.4681  -35.3911
  78.3321  -35.5598
  78.5397  -35.7165
  78.7473  -35.9366
  79.1339  -36.3058
  78.8976  -36.5242
  78.6686  -36.6676
  78.1246  -37.0790
  78.4681  -37.4201
  78.2319  -37.6070
  78.0458  -37.7540
  78.4610  -38.0920
  78.2033  -38.2493
  78.5397  -38.5906
  77.9957  -38.9137
  78.3178  -39.2297
  77.7810  -39.6269
  77.9170  -39.7588
  77.6521  -39.9343
  77.3228  -40.1694
  77.4517  -40.2676
  77.8168  -40.3220
  78.1174  -40.5829
  78.3751  -40.8644
  78.5183  -40.8644
  78.6543  -40.8320
  78.9835  -41.0424
  79.3486  -41.2736
  79.5634  -41.4826
  79.7495  -41.7230
  79.9213  -41.8295
  80.2505  -41.5842
  80.4581  -41.4184
  80.7087  -41.1769
  81.1596  -41.4505
  81.5891  -41.6216
  82.0902  -41.9730
  82.6342  -42.3489
  83.0208  -42.6123
  83.5433  -42.9635
  83.8976  -42.6704
  84.2585  -42.3899
  84.5781  -42.1081
  84.8359  -41.8787
  85.0524  -41.5946
  85.2689  -41.4405
  85.5989  -41.1158
  85.7639  -40.9605
  86.2485  -41.2319
  86.5063  -41.3942
  86.6403  -41.2706
  87.2280  -41.5638
  87.5271  -41.7637
  87.8467  -41.9552
  88.1457  -42.1539
  88.3520  -41.9935
  88.5375  -41.8174
  88.8366  -41.8480
  89.2799  -42.0928
  89.5274  -42.2834
  89.8883  -42.4355
  90.2801  -42.6023
  90.5688  -42.7687
  90.9606  -42.9949
  91.3937  -43.2802
  91.6618  -43.3850
  91.9711  -43.4523
  92.4042  -43.4896
  92.8991  -43.7577
  93.2806  -43.9506
  93.6828  -44.1208
  94.1468  -44.3934
  94.5283  -44.6868
  94.7242  -44.9204
  94.8273  -44.8037
  95.1057  -44.9859
  95.3016  -44.9422
  95.5491  -45.0150
  96.2915  -45.4931
  95.6934  -45.9886
  96.1677  -46.3235
  95.9203  -46.5504
  96.3533  -46.7764
  96.6008  -46.8961
  96.7864  -47.0856
  97.2607  -47.3162
  97.7247  -47.5390
  98.0443  -47.6916
  98.2299  -47.9127
  98.7042  -48.1055
  99.3023  -48.3044
  99.5085  -48.1055
  99.7663  -47.7954
  99.9003  -47.5251
 100.0653  -47.3441
 100.3025  -47.1766
 100.6118  -47.3372
 100.8386  -47.5112
 101.0345  -47.6639
 101.2201  -47.7331
 101.5295  -47.7054
 101.9625  -47.8575
 102.4472  -48.0230
 102.5606  -47.9403
 102.8802  -48.1055
 103.3442  -48.1810
 103.9835  -48.4001
 104.0866  -48.2975
 105.1899  -48.7473
 105.0662  -48.9504
 105.5920  -49.1594
 106.0973  -49.3609
 106.3550  -49.0921
 106.5303  -48.8625
 106.7572  -48.5638
 106.9634  -48.2701
 107.8398  -48.5978
 108.5513  -48.8286
 108.4069  -49.0112
 108.6957  -49.1325
 108.6338  -49.2535
 108.8813  -49.3810
 109.4277  -49.5281
 109.9639  -49.6948
 110.4279  -49.8476
 110.7269  -49.9338
 110.9950  -49.7015
 111.3147  -49.8410
 111.3250  -50.0331
 111.6343  -50.1651
 112.0880  -50.2704
 112.6757  -50.3427
 112.8613  -50.1848
 113.3562  -50.3558
 113.8202  -50.4804
 114.0780  -50.1980
 114.3770  -49.8675
 114.9441  -49.9404
 115.5113  -50.1057
 115.6556  -49.9338
 115.8618  -50.0000
 116.2021  -49.6815
 116.4805  -49.2200
 116.9651  -49.3542
 117.3879  -49.5815
 117.3672  -49.6748
 117.9344  -49.8211
 118.4293  -49.9338
 118.5839  -49.9139
 118.6974  -49.8277
 119.4398  -49.9603
 120.0894  -50.1519
 120.3471  -49.7281
 120.5430  -49.2535
 120.7802  -48.8151
 121.2958  -48.9369
 121.6773  -49.0584
 121.4710  -49.3944
 121.3267  -49.7015
 121.9660  -49.8012
 122.5640  -49.9404
 122.8837  -49.4880
 123.6054  -49.6482
 123.8013  -49.2603
 124.0076  -48.8286
 124.5540  -48.9369
 125.1933  -49.1863
 125.1830  -49.6415
 125.5027  -49.7547
 125.8945  -49.8211
 126.0904  -49.4011
 126.2038  -49.0247
 126.3275  -48.6454
 126.8637  -48.7473
 127.5030  -48.8489
 127.3999  -49.2132
 127.2762  -49.5682
 127.1421  -49.9139
 127.0493  -50.1387
 127.9051  -50.2836
 128.7919  -50.4345
 128.6372  -50.1980
 129.4002  -50.2704
 129.9055  -50.3361
 130.6273  -50.4607
 131.0913  -50.5785
 131.4109  -50.6112
 131.5759  -50.5524
 131.7408  -50.4476
 131.3593  -50.1585
 131.6790  -50.1585
 132.0811  -50.2112
 132.7513  -50.2638
 133.2669  -50.2901
 134.2877  -50.3624
 135.6694  -50.5197
 135.3188  -50.1848
 136.4736  -50.2046
 137.1335  -50.2243
 137.7006  -50.2243
 138.2677  -50.2441
 138.6389  -50.2770
 138.9895  -50.2507
 139.4226  -50.2704
 139.7010  -50.2901
 139.7216  -51.0789
 139.7113  -51.7845
 139.8706  -51.8070
 140.1529  -51.8070
 140.2941  -51.8288
 140.4706  -51.8070
 140.5059  -52.3493
 140.5059  -52.7570
 140.5059  -53.2033
 140.5059  -53.5192
 140.5765  -54.0198
 140.7529  -54.0198
 141.0706  -53.9991
 141.3529  -54.0198
 141.6353  -54.0613
 141.8471  -54.0820
 142.0941  -54.0820
 142.3059  -54.1234
 142.5176  -54.2060
 142.7294  -54.2267
 142.9059  -54.2473
 143.0824  -54.2473
 143.2588  -54.2473
 143.4706  -54.2473
 143.6118  -54.2267
 143.7882  -54.2060
 144.0353  -54.2060
 144.0706  -54.3503
 144.0706  -54.4530
 144.0706  -54.5964
 144.1059  -54.7596
> 9921 SOUTHEAST INDIAN OCEAN RIDGE [FROM SMITH & SANDWEL
 156.3529  -62.8023
 156.6000  -62.7215
 156.9529  -62.6568
 157.3412  -62.5105
 157.8000  -62.3308
 158.2588  -62.2487
 158.5059  -62.1664
 158.8941  -62.0674
 159.3176  -61.9514
 159.7412  -61.8517
 160.1294  -61.7182
 160.5176  -61.6009
 160.7294  -61.5169
 160.9412  -61.4495
 161.2588  -61.6009
 161.4706  -61.7683
 161.6824  -61.9182
 161.9294  -62.0508
 162.2118  -61.9348
 162.4235  -61.8350
 162.6706  -61.7683
 162.7750  -61.7480
> 9921 SPREADING RIDGE BETWEEN AUSTRALIA/ANTARCTICA      
 144.1059  -54.7596
 144.2717  -54.8034
 144.4316  -54.8030
 144.5676  -54.8027
 144.6994  -54.7955
 144.8513  -54.7859
 145.1791  -54.7897
 145.4228  -54.7707
 145.7266  -54.7677
 145.9145  -54.7696
 146.0704  -54.7646
 146.2222  -54.7550
 146.3461  -54.7478
 146.4500  -54.7498
 146.4620  -54.7498
 146.5146  -54.8327
 146.5600  -55.0369
 146.6050  -55.1786
 146.6177  -55.2698
 146.6264  -55.3812
 146.6310  -55.4629
 146.6396  -55.5489
 146.6523  -55.6392
 146.6568  -55.7068
 146.6774  -55.7968
 146.7306  -55.9626
 146.7597  -56.1099
 146.7725  -56.2212
 146.7853  -56.3299
 146.8102  -56.4515
 146.8390  -56.5662
 146.8635  -56.6431
 146.9044  -56.7550
 146.9369  -56.8315
 146.9573  -56.8818
 146.9860  -56.9777
 147.0104  -57.0342
 147.0309  -57.1037
 147.0680  -57.2531
 147.0925  -57.3179
 147.1209  -57.3739
 147.1332  -57.4213
 147.1618  -57.4922
 147.1822  -57.5480
 147.2106  -57.6036
 147.2229  -57.6400
 147.2390  -57.6571
 147.3348  -57.6397
 147.4467  -57.6374
 147.5786  -57.6307
 147.6983  -57.6090
 147.8500  -57.5829
 147.9618  -57.5655
 148.0497  -57.5525
 148.1855  -57.5415
 148.2934  -57.5326
 148.4372  -57.5152
 148.5170  -57.5021
 148.5729  -57.4912
 148.6294  -57.5662
 148.6782  -57.6710
 148.7149  -57.7628
 148.7394  -57.8309
 148.7639  -57.9010
 148.7885  -57.9794
 148.8130  -58.0429
 148.8455  -58.1168
 148.8741  -58.1948
 148.9148  -58.2831
 148.9594  -58.3607
 149.0040  -58.4381
 149.0567  -58.5424
 149.1216  -58.6569
 149.1662  -58.7336
 149.1987  -58.8082
 149.2231  -58.8598
 149.2517  -58.9341
 149.3045  -59.0329
 149.3450  -59.0986
 149.3815  -59.1682
 149.4383  -59.2765
 149.5032  -59.3906
 149.5438  -59.4657
 149.5681  -59.5123
 149.5926  -59.5690
 149.6170  -59.6276
 149.6413  -59.6639
 149.8129  -59.6292
 150.0046  -59.6026
 150.1564  -59.5921
 150.2562  -59.5717
 150.4079  -59.5491
 150.4686  -59.6380
 150.5332  -59.7125
 150.5819  -59.8111
 150.6145  -59.8813
 150.6672  -59.9673
 150.7077  -60.0352
 150.7766  -60.1447
 150.8130  -60.2003
 150.9102  -60.3508
 150.9384  -60.3823
 150.9586  -60.4080
 150.9949  -60.4473
 151.2145  -60.4094
 151.4859  -60.3615
 151.8052  -60.2995
 152.1006  -60.2434
 152.4199  -60.1851
 152.7352  -60.1208
 153.0864  -60.0523
 153.2700  -60.0120
 153.4575  -59.9716
 153.4899  -60.0215
 153.5504  -60.0932
 153.6109  -60.1568
 153.6514  -60.2144
 153.7162  -60.3114
 153.7729  -60.4062
 153.8257  -60.5066
 153.8824  -60.5950
 153.9310  -60.6713
 153.9917  -60.7573
 154.0644  -60.8507
 154.1091  -60.9303
 154.2018  -61.0271
 154.2704  -61.0986
 154.3431  -61.1891
 154.4319  -61.2909
 154.5329  -61.4076
 154.6216  -61.4934
 154.7062  -61.5771
 154.7787  -61.6434
 154.8837  -61.7607
 154.9843  -61.8380
 155.0970  -61.9226
 155.1975  -61.9957
 155.2904  -62.1023
 155.3752  -62.1974
 155.4639  -62.2847
 155.5485  -62.3551
 155.7296  -62.4880
 155.8945  -62.6020
 155.9752  -62.6863
 156.0518  -62.7668
 156.0760  -62.7923
 156.1060  -62.8523
 156.3529  -62.8023