> 9788	NAZCA-ANTARCTIC
-109.0576	-34.117
-102.7721	-34.9036
-102.6814	-35.5862
-102.592	-35.8278
-100.6449	-36.0646
-98.4131	-36.192
-97.4011	-36.2913
-97.4165	-36.8692
-95.6888	-36.9645
-94.1265	-37.0014
-94.0957	-37.7141
-93.9995	-38.4802
-93.0722	-38.4289
-93.026	-38.9695
-91.66	-38.8677
-91.5446	-39.8347
-91.4753	-40.73
-91.3945	-41.1022
-90.0862	-41.0558
-90.0516	-41.4348
-89.9965	-41.3204
> 9921	NAZCA-ANTARCTIC
-89.9965	-41.3204
-89.8562	-41.3004
-89.7527	-41.2866
-89.5925	-41.2877
-89.4753	-41.2759
-89.3719	-41.2656
-89.2755	-41.2569
-89.2181	-41.2527
-89.163	-41.2484
-89.158	-41.309
-89.147	-41.4006
-88.9107	-41.384
-88.7641	-41.3848
-88.5691	-41.3709
-88.2958	-41.3446
-88.1304	-41.3284
-88.0271	-41.3198
-87.9352	-41.3093
-87.8663	-41.3036
-87.8158	-41.301
-87.7815	-41.2999
-87.7784	-41.3483
-87.7687	-41.4071
-87.763	-41.4451
-87.7514	-41.5176
-87.5352	-41.4869
-87.3883	-41.4757
-87.2412	-41.4558
-87.0554	-41.4469
-86.8069	-41.4064
-86.6527	-41.3815
-86.4507	-41.366
-86.2598	-41.3365
-86.1036	-41.3219
-85.9682	-41.3139
-85.8236	-41.3008
-85.7456	-41.2953
-85.6926	-41.2875
-85.7074	-41.3201
-85.6968	-41.3479
-85.6772	-41.3827
-85.6529	-41.4107
-85.64	-41.4385
-85.6268	-41.456
-85.6091	-41.4787
-85.5873	-41.5135
-85.4532	-41.4728
-85.2875	-41.4446
-85.0792	-41.4465
-84.9753	-41.4207
-84.8474	-41.4298
-84.7742	-41.4345
-84.717	-41.4355
-84.6804	-41.4361
-84.6578	-41.5965
-84.5775	-41.5928
-84.4993	-41.5804
-84.4259	-41.5765
-84.375	-41.5601
-84.3335	-41.5505
-84.3038	-41.551
-84.2553	-41.6876
-84.0508	-41.6671
-83.9842	-41.6614
-83.9708	-41.6719
-83.963	-41.7149
-83.9551	-41.8333
-83.9475	-41.8831
-83.9352	-41.9312
-83.927	-41.9604
-83.8603	-41.9513
-83.7916	-41.9525
-83.7389	-41.9517
-83.7144	-41.9726
-83.7017	-42.007
-83.6776	-42.0433
-83.6488	-42.0745
-83.6358	-42.0986
-83.6373	-42.148
-83.6364	-42.1923
-83.631	-42.24
-83.6316	-42.2587
-83.6373	-42.2978
-83.6147	-42.3814
-83.6026	-42.4325
-83.5971	-42.4784
-83.5894	-42.5243
-83.5745	-42.5618
-83.5529	-42.6028
-83.5357	-42.6386
-83.5115	-42.6711
-83.4783	-42.7088
-83.4539	-42.7345
-83.4414	-42.7736
-83.445	-42.8157
-83.4375	-42.8714
-83.4434	-42.9134
-83.44	-42.9505
-83.4361	-42.9741
-83.4324	-42.9994
-83.3126	-42.9762
-83.2393	-42.9757
-83.1589	-42.9686
-83.09	-42.9631
-83.0052	-42.9595
-82.9342	-42.959
-82.8588	-42.9636
-82.8083	-42.9628
-82.7669	-42.9567
-82.7279	-42.954
-82.706	-42.9846
-82.6801	-43.0355
-82.6609	-43.0812
-82.6417	-43.1268
-82.6314	-43.1639
-82.6172	-43.2227
-82.6136	-43.2546
-82.6079	-43.2915
-82.611	-43.3149
-82.6073	-43.345
-82.6077	-43.3567
-82.6152	-43.3783
-82.6112	-43.3967
-82.6185	-43.41
-82.6107	-43.4535
-82.5979	-43.4837
-82.583	-43.5173
-82.5583	-43.5361
-82.5407	-43.5563
-82.5276	-43.5765
-82.5105	-43.6151
-82.5003	-43.6569
-82.4904	-43.7052
-82.4935	-43.7301
-82.4943	-43.7566
-82.4936	-43.8081
-82.4808	-43.8381
-82.4633	-43.8616
-82.4452	-43.8685
-82.4136	-43.884
-82.3736	-43.9227
-82.3515	-43.9479
-82.3389	-43.9845
-82.3059	-44.0264
-82.2963	-44.086
-82.2879	-44.1076
-82.2775	-44.1424
-82.261	-44.2003
-82.2423	-44.2599
-82.2369	-44.3061
-82.2293	-44.3555
-82.2257	-44.3851
-82.2093	-44.4445
-82.1991	-44.4856
-82.1822	-44.5285
-82.1693	-44.5549
-82.1652	-44.5714
-82.1507	-44.6174
-82.1464	-44.6273
-82.142	-44.6339
-82.12	-44.6604
-82.1065	-44.6672
-82.0702	-44.6776
-82.0565	-44.6795
-82.0136	-44.6998
-82.0029	-44.7228
-81.9929	-44.767
-81.9893	-44.7981
-81.9839	-44.8438
-81.9694	-44.8929
-81.9635	-44.9223
-81.9552	-44.9484
-81.9406	-44.9942
-81.8532	-44.981
-81.7407	-44.9714
-81.6531	-44.955
-81.5495	-44.9371
-81.405	-44.9297
-81.306	-44.9134
-81.1979	-44.8973
-81.0963	-44.8729
-80.926	-44.8447
-80.7121	-44.8172
-80.5489	-44.7987
-80.4015	-44.7717
-80.2427	-44.7466
-80.0723	-44.7183
-79.8862	-44.6985
-79.7322	-44.6814
-79.5363	-44.6421
-79.3933	-44.6085
-79.2203	-44.5687
-79.0703	-44.5352
-78.976	-44.522
-78.8328	-44.4833
-78.6873	-44.4447
-78.5558	-44.4124
-78.5004	-44.4002
-78.4336	-44.3865
-78.4037	-44.3837
-78.395	-44.3986
-78.3825	-44.4366
-78.3608	-44.4747
-78.3396	-44.5275
-78.314	-44.5852
-78.2992	-44.6263
-78.2892	-44.6706
-78.2822	-44.7361
-78.2767	-44.7802
-78.2645	-44.8277
-78.2346	-44.895
-78.2203	-44.9489
-78.1952	-45.024
-78.15	-45.1124
-78.1131	-45.1762
-78.0764	-45.2431
-78.0464	-45.3067
-78.0204	-45.3523
-77.9857	-45.4126
-77.9689	-45.4596
-77.9518	-45.497
-77.9321	-45.5246
-77.9125	-45.5571
-77.9001	-45.5975
-77.8943	-45.6298
-77.8972	-45.6506
-77.8833	-45.715
-77.8671	-45.781
-77.8588	-45.8068
-77.8524	-45.8213
-77.5847	-45.7567
-77.5061	-45.7355
-77.3885	-45.7085
-77.28	-45.6846
-77.1506	-45.6465
-77.0696	-45.6221
-76.975	-45.5995
-76.9403	-45.5888
-76.9103	-45.5829
-76.8969	-45.5927
-76.8779	-45.6429
-76.8651	-45.6688
-76.8436	-45.714
-76.8354	-45.7414
-76.8221	-45.7561
-76.8086	-45.7627
-76.7792	-45.776
-76.7433	-45.7974
-76.7281	-45.8217
-76.7156	-45.8619
-76.7008	-45.8973
-76.6993	-45.9229
-76.6841	-45.9471
-76.6712	-45.9729
-76.6599	-45.9778
-76.5771	-45.968
-76.4781	-45.952
-76.3882	-45.9327
-76.2776	-45.9104
-76.1809	-45.896
-76.1095	-45.8828
-76.0382	-45.8727
-75.9728	-45.8391