> 9201 EQUATORIAL ATLANTIC RIDGE (CANDE ET AL. 1988)     
 -45.1254   15.2648
 -45.1449   14.0220
 -45.0602   13.9966
 -45.0342   12.6829
 -44.2592   12.6317
 -44.2787   12.1062
 -43.8880   12.0870
 -43.9205   10.9245
 -41.0876   10.7893
 -41.0811    9.9769
> 9921 SOUTH ATLANTIC RIDGE                              
 -40.6742    9.8782
 -40.6736    9.7647
 -40.6596    9.6917
 -40.6510    9.6187
 -40.6452    9.5674
 -40.5960    9.5325
 -40.5541    9.3513
 -40.4831    9.3328
 -40.4741    9.1920
 -40.4739    9.1459
 -40.4681    9.0782
 -40.4622    8.9970
 -40.4592    8.9482
 -40.4589    8.8994
 -40.4477    8.8453
 -40.3358    8.8160
 -40.2130    8.8005
 -40.0629    8.7796
 -39.9048    8.7642
 -39.7711    8.7541
 -39.6565    8.7357
 -39.5993    8.7306
 -39.5474    8.7200
 -39.4302    8.7153
 -39.4264    8.5254
 -39.5789    8.5082
 -39.5922    8.4485
 -39.5999    8.3561
 -39.5996    8.2964
 -39.6100    8.2094
 -39.5633    8.1472
 -39.4869    8.1422
 -39.4187    8.1290
 -39.3342    8.1240
 -39.2250    8.1002
 -39.1269    8.0953
 -39.0451    8.1012
 -38.9552    8.1071
 -38.8380    8.1050
 -38.7480    8.1110
 -38.6254    8.1143
 -38.5164    8.1258
 -38.4265    8.1290
 -38.3474    8.1295
 -38.2601    8.1218
 -38.1783    8.1222
 -38.1075    8.1199
 -38.0584    8.1202
 -38.0094    8.1259
 -37.9896    8.0064
 -38.0740    7.9815
 -38.0791    7.9217
 -38.0841    7.8374
 -38.0839    7.8102
 -38.0809    7.7586
 -38.0753    7.7206
 -38.0750    7.6716
 -37.8296    7.6648
 -37.6879    7.6656
 -37.5489    7.6745
 -37.3771    7.6646
 -37.2163    7.6763
 -37.0392    7.6827
 -36.9056    7.6808
 -36.7828    7.6651
 -36.7338    7.6654
 -36.7052    7.4234
 -36.4870    7.4083
 -36.3396    7.3710
 -36.2087    7.3745
 -36.0805    7.3561
 -35.9497    7.3568
 -35.7944    7.3686
 -35.6690    7.3693
 -35.5545    7.3699
 -35.4101    7.3816
 -35.3173    7.3603
 -35.2029    7.3854
 -35.0911    7.3861
 -34.9985    7.4002
 -34.8759    7.4009
 -34.7914    7.4040
 -34.7260    7.4098
 -34.6851    7.4101
 -34.6435    7.2878
 -34.6237    7.1464
 -34.3811    7.1477
 -34.2692    7.1347
 -34.1984    7.1405
 -34.1193    7.1437
 -34.0375    7.1387
 -33.9584    7.1228
 -33.9306    7.0358
 -33.9186    6.8289
 -33.7849    6.8078
 -33.7733    6.6852
 -33.7674    6.5953
 -33.7641    6.4972
 -33.7636    6.4099
 -33.7634    6.3608
 -33.7658    6.3036
 -33.7682    6.2517
 -33.6809    6.2440
 -33.5719    6.2446
 -33.4819    6.2315
 -33.4164    6.2236
 -33.3264    6.2214
 -33.2779    5.8205
 -33.1906    5.8128
 -33.1225    5.8132
 -33.0462    5.8218
 -32.9698    5.8222
 -32.9557    5.7240
 -32.9304    5.5849
 -32.8729    5.5442
 -32.8363    5.3341
 -32.8167    5.2303
 -32.8053    5.1429
 -32.7912    5.0637
 -32.7825    4.9736
 -32.7496    4.9300
 -32.7190    4.8263
 -32.7130    4.7169
 -32.7016    4.6295
 -32.6848    4.5475
 -32.6652    4.4655
 -32.6457    4.3781
 -32.6262    4.3043
 -32.6149    4.2277
 -32.6063    4.1484
 -32.5977    4.0773
 -32.5919    4.0198
 -32.5917    3.9788
 -32.5915    3.9350
 -32.5909    3.8282
 -32.3701    3.8404
 -32.1576    3.8552
 -31.9941    3.8726
 -31.8824    3.8787
 -31.7461    3.8822
 -31.6371    3.8937
 -31.5636    3.9023
 -31.4954    3.9027
 -31.4730    3.7988
 -31.4673    3.7386
 -31.4586    3.6565
 -31.4501    3.6017
 -31.4443    3.5278
 -31.4441    3.4840
 -31.4436    3.4100
 -31.3836    3.3912
 -31.3751    3.3337
 -31.3748    3.2789
 -31.3636    3.2242
 -31.3578    3.1749
 -31.3549    3.1256
 -31.3544    3.0516
 -31.2590    3.0521
 -31.2533    3.0083
 -31.2447    2.9179
 -31.2989    2.8683
 -31.2984    2.7778
 -31.2758    2.6272
 -31.0358    2.6093
 -30.9214    2.6182
 -30.8505    2.6131
 -30.7905    2.6134
 -30.7550    2.6136
 -30.7191    2.5206
 -30.7078    2.4439
 -30.6937    2.3562
 -30.6796    2.2768
 -30.6710    2.2083
 -30.6515    2.1179
 -30.6427    2.0082
 -30.6153    1.9782
 -30.5904    1.9153
 -30.5846    1.8577
 -30.5734    1.7974
 -30.7277    1.6100
 -30.7271    1.5003
 -30.7132    1.4455
 -30.6881    1.3331
 -30.6306    1.2896
 -30.5513    1.2571
 -30.4831    1.2410
 -30.4202    1.2112
 -30.4109    0.9917
 -30.3938    0.8656
 -30.3935    0.8162
 -30.2654    0.8224
 -30.1864    0.8228
 -30.1100    0.8123
 -30.0446    0.8126
 -30.0332    0.7304
 -30.0246    0.6563
 -30.0294    0.5328
 -29.7845    0.6028
 -29.4002    0.6214
 -29.1194    0.6120
 -28.8115    0.6356
 -28.5310    0.6921
 -28.1958    0.7131
 -27.9342    0.7228
 -27.8034    0.7373
 -27.5773    0.7632
 -27.3756    0.7808
 -27.1686    0.8094
 -26.9560    0.8161
 -26.7762    0.8390
 -26.6373    0.8645
 -26.4712    0.8983
 -26.3950    0.9207
 -26.3781    0.8248
 -26.3582    0.6602
 -26.2383    0.6746
 -26.1429    0.6751
 -26.0394    0.6839
 -25.9413    0.6927
 -25.8623    0.7069
 -25.7316    0.7323
 -25.6443    0.7328
 -25.5707    0.7332
 -25.5027    0.7500
 -25.4860    0.6925
 -25.4987    0.5223
 -25.3680    0.5395
 -25.2780    0.5427
 -25.1718    0.5653
 -25.0791    0.5603
 -25.0327    0.5523
 -24.9863    0.5389
 -24.9881    0.3659
 -24.9794    0.2809
 -24.9705    0.1410
 -24.9615   -0.0154
 -24.8361   -0.0092
 -24.8220   -0.0914
 -24.8079   -0.1737
 -24.7966   -0.2532
 -24.7688   -0.3519
 -24.7355   -0.4642
 -24.7050   -0.5518
 -24.6801   -0.6231
 -24.6605   -0.7135
 -24.6381   -0.8149
 -24.6351   -0.8670
 -24.6184   -0.9301
 -24.6099   -0.9959
 -24.5822   -1.0725
 -24.5814   -1.2125
 -24.5842   -1.1988
 -24.3851   -1.2306
 -24.1316   -1.2292
 -23.9191   -1.1978
 -23.6466   -1.1716
 -23.3362   -1.1205
 -22.9901   -1.0911
 -22.6632   -1.0591
 -22.4343   -1.0277
 -22.2411   -0.9690
 -21.9279   -0.9096
 -21.6720   -0.8643
 -21.4922   -0.8386
 -21.2007   -0.7931
 -20.9120   -0.7558
 -20.6560   -0.7023
 -20.3973   -0.6569
 -20.1113   -0.6169
 -19.8498   -0.5715
 -19.6947   -0.5323
 -19.5286   -0.4874
 -19.3543   -0.4563
 -18.9186   -0.3715
 -18.5864   -0.3038
 -18.3087   -0.2474
 -18.1100   -0.1887
 -17.9031   -0.1326
 -17.6989   -0.0876
 -17.4621   -0.0341
 -17.2933    0.0025
 -17.1490    0.0500
 -17.0157    0.0919
 -16.9259    0.1171
 -16.8219    0.0463
 -16.7535    0.0110
 -16.6552   -0.0324
 -16.5484   -0.1086
 -16.4855   -0.1522
 -16.3843   -0.2175
 -16.2912   -0.2856
 -16.2092   -0.3290
 -16.1354   -0.3588
 -16.1052   -0.4081
 -16.0774   -0.5122
 -16.0170   -0.5887
 -15.9839   -0.6434
 -16.0517   -0.7233
 -16.0457   -0.8248
 -16.0177   -0.9482
 -15.9816   -1.0687
 -15.9593   -1.1536
 -15.9343   -1.2386
 -15.9042   -1.2713
 -15.8928   -1.3563
 -15.8894   -1.4852
 -15.8999   -1.5594
 -15.9022   -1.6362
 -13.0762   -1.0979
 -13.0372   -1.2540
 -13.0006   -1.4595
 -12.9807   -1.6020
 -12.9498   -1.7719
 -12.9192   -1.9006
 -12.9023   -1.9882
 -12.8802   -2.0539
 -12.8580   -2.1141
 -12.6785   -2.0501
 -12.6646   -2.1103
 -12.6424   -2.1787
 -12.6285   -2.2198
 -12.5981   -2.3018
 -12.4756   -2.2737
 -12.3940   -2.2541
 -12.3422   -2.2538
 -12.3040   -2.2563
 -12.2764   -2.3220
 -12.2570   -2.3767
 -12.2403   -2.4479
 -12.2182   -2.4971
 -12.2043   -2.5628
 -12.1847   -2.6422
 -12.1406   -2.7351
 -12.1048   -2.8144
 -12.0797   -2.9101
 -12.0522   -2.9566
 -12.0384   -2.9839
 -12.2776   -3.0948
 -12.2525   -3.2042
 -12.2274   -3.3027
 -12.1995   -3.4230
 -12.1745   -3.5133
 -12.1441   -3.5925
 -12.1164   -3.6772
 -12.0912   -3.8003
 -12.0635   -3.8713
 -12.0360   -3.9177
 -12.0195   -3.9532
 -12.2210   -3.9734
 -12.3707   -4.0208
 -12.4060   -4.0429
 -12.4057   -4.0894
 -12.3644   -4.1740
 -12.3284   -4.2641
 -12.2980   -4.3460
 -12.2786   -4.4088
 -12.2619   -4.4661
 -12.2426   -4.5153
 -12.2260   -4.5480
 -12.2233   -4.5534
 -12.4300   -4.6312
 -12.4048   -4.7486
 -12.3963   -4.8142
 -12.3713   -4.8851
 -12.3520   -4.9342
 -12.3079   -5.0323
 -12.2967   -5.0705
 -12.2801   -5.1278
 -12.2690   -5.1523
 -12.0813   -5.1049
 -12.0105   -5.0908
 -11.9316   -5.0740
 -11.8526   -5.0626
 -11.7900   -5.0486
 -11.7030   -5.0153
 -11.6540   -5.0068
 -11.6043   -5.1104
 -11.5683   -5.2222
 -11.5048   -5.3776
 -11.5042   -5.4732
 -11.5037   -5.5742
 -11.4978   -5.6561
 -11.4863   -5.7516
 -11.4750   -5.8388
 -11.4609   -5.9261
 -11.4359   -6.0051
 -11.4027   -6.1031
 -11.3804   -6.1848
 -11.3637   -6.2556
 -11.3496   -6.3373
 -11.3274   -6.4081
 -11.3135   -6.4571
 -11.2995   -6.5170
 -11.2774   -6.5714
 -11.2663   -6.6204
 -11.2524   -6.6693
 -11.5433   -6.7963
 -11.7147   -6.8435
 -11.9080   -6.8827
 -12.1040   -6.9110
 -12.2510   -6.9472
 -12.4306   -6.9863
 -12.5804   -7.0062
 -12.7192   -7.0315
 -12.9179   -7.0762
 -13.0867   -7.1070
 -13.2093   -7.1240
 -13.3263   -7.1573
 -13.4649   -7.2153
 -13.4508   -7.3050
 -13.4311   -7.4191
 -13.5535   -7.4497
 -13.4898   -7.6425
 -13.4510   -7.7646
 -13.4205   -7.8623
 -13.3762   -7.9870
 -13.4796   -8.0147
 -13.4376   -8.2182
 -13.3232   -8.1958
 -13.2095  -10.0260
 -13.1648  -10.2310
 -13.1721  -10.3876
 -13.1403  -10.7029
 -13.0342  -10.6781
 -12.9810  -10.9310
 -13.1281  -10.9480
 -13.1053  -11.1148
 -13.0073  -11.1008
 -12.9761  -11.3213
 -12.9475  -11.5577
 -13.0148  -11.6083
 -13.2491  -11.6364
 -13.4479  -11.6644
 -13.6877  -11.6845
 -13.8838  -11.7044
 -14.0745  -11.7403
 -14.2079  -11.7652
 -14.2841  -11.7871
 -14.4011  -11.8334
 -14.4010  -11.8415
 -14.4007  -11.9059
 -14.3812  -11.9702
 -14.3644  -12.0533
 -14.3613  -12.1231
 -14.3527  -12.1954
 -14.4261  -12.2307
 -14.5486  -12.2608
 -14.6220  -12.2961
 -14.6900  -12.3152
 -14.7363  -12.3262
 -14.7799  -12.3398
 -14.6972  -12.5055
 -14.6775  -12.6018
 -14.6633  -12.7061
 -14.6577  -12.7409
 -14.6574  -12.7810
 -14.5702  -12.7805
 -14.5644  -12.8420
 -14.5392  -12.9569
 -14.5334  -13.0317
 -14.5249  -13.0771
 -14.5165  -13.1145
 -14.3804  -13.0843
 -14.3500  -13.1563
 -14.3168  -13.2389
 -14.2863  -13.3402
 -14.2640  -13.4175
 -14.2528  -13.4788
 -14.3535  -13.5087
 -14.4352  -13.5251
 -14.5332  -13.5523
 -14.6148  -13.5688
 -14.6584  -13.5797
 -14.6639  -13.5797
 -14.6636  -13.6277
 -14.6195  -13.7074
 -14.6111  -13.7500
 -14.6053  -13.8113
 -14.5535  -13.8057
 -14.5289  -13.8189
 -14.5068  -13.8720
 -14.4983  -13.9386
 -14.4923  -14.0264
 -14.4755  -14.1035
 -14.4616  -14.1592
 -14.4395  -14.2150
 -14.2543  -14.1741
 -14.0692  -14.1305
 -13.9058  -14.1030
 -13.7424  -14.0649
 -13.5926  -14.0428
 -13.5238  -14.1648
 -13.4959  -14.2870
 -13.4734  -14.4012
 -13.4451  -14.5816
 -13.4444  -14.7117
 -13.4328  -14.8363
 -13.3937  -15.0004
 -13.3657  -15.1195
 -13.3242  -15.2384
 -13.2906  -15.3864
 -13.2845  -15.4947
 -13.2703  -15.5951
 -13.2559  -15.7376
 -13.2418  -15.8247
 -13.2222  -15.9169
 -13.2054  -15.9907
 -13.1858  -16.0749
 -13.1717  -16.1644
 -13.4219  -16.2632
 -13.7242  -16.3201
 -13.8931  -16.3447
 -14.0783  -16.3720
 -14.2799  -16.3941
 -14.3588  -16.4156
 -14.4024  -16.4185
 -14.4018  -16.5289
 -14.3877  -16.6051
 -14.3651  -16.7416
 -14.3398  -16.8754
 -14.3147  -16.9697
 -14.2815  -17.0587
 -14.2672  -17.1845
 -14.2668  -17.2447
 -14.2499  -17.3468
 -14.1682  -17.3280
 -14.1294  -17.4377
 -14.1397  -17.5477
 -14.1283  -17.6260
 -14.1062  -17.6860
 -13.9455  -17.6512
 -13.8284  -17.6375
 -13.7767  -17.6294
 -13.7462  -17.7103
 -13.7349  -17.7886
 -13.7127  -17.8407
 -13.4324  -17.7635
 -13.2800  -17.7156
 -13.1274  -17.7070
 -13.0267  -17.6777
 -12.9423  -17.6590
 -12.9036  -17.7476
 -12.8948  -17.8703
 -12.8747  -18.0450
 -12.8439  -18.1908
 -12.8240  -18.3313
 -12.8125  -18.4250
 -12.7899  -18.5601
 -12.7785  -18.6432
 -12.0284  -19.1893
 -11.9976  -19.3393
 -11.9531  -19.4916
 -11.9467  -19.6466
 -11.9460  -19.7680
 -11.8990  -19.8916
 -11.8738  -20.0023
 -11.8680  -20.0512
 -11.8077  -20.1153
 -11.7391  -20.1896
 -11.6977  -20.2871
 -11.6809  -20.3565
 -11.6341  -20.4308
 -11.5983  -20.4922
 -11.5788  -20.5640
 -11.5704  -20.6076
 -11.6272  -20.6746
 -11.6705  -20.7416
 -11.6235  -20.8464
 -11.5710  -20.9691
 -11.5185  -21.0866
 -11.4936  -21.1453
 -11.4770  -21.1989
 -11.5722  -21.2300
 -11.6647  -21.2663
 -11.7545  -21.2821
 -11.8824  -21.3211
 -11.8600  -21.4180
 -11.8292  -21.5658
 -11.7764  -21.7286
 -11.7403  -21.8456
 -11.7124  -21.9472
 -11.6958  -21.9878
 -11.6600  -22.0562
 -11.8480  -22.0750
 -11.9188  -22.0830
 -11.9238  -22.1617
 -11.9235  -22.2074
 -12.0761  -22.2184
 -12.3322  -22.2400
 -12.5173  -22.2841
 -12.7243  -22.3206
 -12.8087  -22.3312
 -12.8714  -22.3442
 -12.8600  -22.4177
 -12.8406  -22.4809
 -12.8238  -22.5518
 -12.8071  -22.6023
 -12.9761  -22.6133
 -13.1641  -22.6320
 -13.3766  -22.6558
 -13.5427  -22.6769
 -13.6597  -22.7180
 -13.6815  -22.7257
 -13.6453  -22.8392
 -13.6093  -22.9376
 -13.5954  -22.9930
 -13.5703  -23.0787
 -13.5452  -23.1769
 -13.5063  -23.3077
 -13.4727  -23.4560
 -13.4475  -23.5639
 -13.4332  -23.6643
 -13.4135  -23.7772
 -13.4022  -23.8423
 -13.3851  -23.9575
 -13.2899  -23.9220
 -13.2401  -24.0570
 -13.1929  -24.1868
 -13.1650  -24.3067
 -13.1593  -24.3391
 -13.1427  -24.3890
 -13.2379  -24.4194
 -13.3086  -24.4422
 -13.3930  -24.4576
 -13.4910  -24.4881
 -13.4632  -24.5727
 -13.4629  -24.6325
 -13.4434  -24.6897
 -13.4102  -24.7742
 -13.3962  -24.8364
 -13.3796  -24.8810
 -13.4613  -24.8939
 -13.6299  -24.9594
 -13.6818  -24.9497
 -13.7689  -24.9700
 -13.8015  -24.9776
 -13.7876  -25.0198
 -13.7516  -25.1164
 -13.7155  -25.2229
 -13.6821  -25.3368
 -13.6654  -25.3961
 -13.6432  -25.4604
 -13.6126  -25.5617
 -13.5932  -25.6135
 -13.5656  -25.6726
 -13.6691  -25.6880
 -13.7699  -25.6959
 -13.8516  -25.7086
 -13.9115  -25.7188
 -13.9931  -25.7464
 -13.8909  -25.9777
 -13.8797  -26.0245
 -13.8653  -26.1401
 -13.8347  -26.2457
 -13.8261  -26.3218
 -13.8008  -26.4396
 -13.7869  -26.4910
 -13.7647  -26.5498
 -13.7508  -26.5889
 -13.7315  -26.6329
 -13.6442  -26.6325
 -13.6084  -26.6985
 -13.5750  -26.8060
 -13.5636  -26.8939
 -13.5083  -27.0256
 -13.4749  -27.1303
 -13.4390  -27.1984
 -13.4197  -27.2373
 -13.4410  -27.3178
 -13.4841  -27.4081
 -13.5029  -27.4593
 -13.4338  -27.6023
 -13.4006  -27.6895
 -13.3839  -27.7355
 -13.3562  -27.8130
 -13.2625  -27.9772
 -13.2484  -28.0425
 -13.2346  -28.0835
 -13.2124  -28.1390
 -13.1985  -28.1824
 -13.1791  -28.2306
 -13.1707  -28.2716
 -13.0290  -28.2685
 -12.8819  -28.2388
 -12.7540  -28.2141
 -12.6722  -28.2185
 -12.6330  -28.3727
 -12.5915  -28.4761
 -12.5744  -28.5868
 -12.5385  -28.6660
 -12.5026  -28.7403
 -12.4778  -28.7835
 -12.6384  -28.8299
 -12.7910  -28.8330
 -12.9134  -28.8696
 -13.0060  -28.8868
 -13.0904  -28.9088
 -13.1747  -28.9428
 -13.1855  -28.9477
 -13.0998  -29.1485
 -13.2359  -29.1850
 -13.3339  -29.1998
 -13.4210  -29.2266
 -13.5298  -29.2653
 -13.6141  -29.2849
 -13.6904  -29.3020
 -13.8181  -29.3575
 -13.8182  -29.3504
 -13.8041  -29.4195
 -13.7765  -29.4790
 -13.7570  -29.5481
 -13.7266  -29.6075
 -13.7155  -29.6408
 -13.7071  -29.6693
 -13.6905  -29.7145
 -13.7752  -29.2546
 -13.8554  -29.7869
 -13.8280  -29.8700
 -13.8003  -30.0052
 -13.7892  -30.1047
 -13.7725  -30.2184
 -13.7585  -30.3437
 -13.7502  -30.3980
 -13.7337  -30.4735
 -13.7199  -30.5396
 -13.7115  -30.5867
 -13.7060  -30.6315
 -13.5479  -30.6477
 -13.5149  -30.7442
 -13.4847  -30.8382
 -13.4654  -30.9251
 -13.4570  -30.9885
 -13.4323  -31.0565
 -13.3966  -31.1409
 -13.3801  -31.2088
 -13.3691  -31.2626
 -13.3580  -31.3070
 -13.5159  -31.3635
 -13.5156  -31.4710
 -13.5045  -31.5340
 -13.4226  -31.6015
 -13.3868  -31.7250
 -13.3457  -31.8296
 -13.3154  -31.9319
 -13.3043  -32.0062
 -13.3040  -32.1037
 -13.5164  -32.1574
 -13.7479  -32.2112
 -13.8868  -32.2346
 -14.0420  -32.2697
 -14.1809  -32.3070
 -14.2789  -32.3419
 -14.3334  -32.3582
 -14.3057  -32.4991
 -14.5862  -32.5897
 -14.5283  -32.8039
 -14.3691  -33.2146
 -14.3608  -33.2741
 -14.3360  -33.3518
 -14.3086  -33.4181
 -14.2894  -33.4660
 -14.2783  -33.5139
 -14.3764  -33.5392
 -14.4853  -33.5668
 -14.5670  -33.5966
 -14.6378  -33.6105
 -14.6158  -33.6833
 -14.5883  -33.7653
 -14.5553  -33.8653
 -14.5278  -33.9311
 -14.5004  -33.9946
 -14.4921  -34.0309
 -14.4784  -34.0831
 -14.4702  -34.0944
 -14.5982  -34.1082
 -14.7534  -34.1448
 -14.8678  -34.1677
 -14.9904  -34.1883
 -15.0775  -34.2134
 -15.1456  -34.2294
 -15.1755  -34.2385
 -15.1671  -34.3154
 -15.1369  -34.4170
 -15.1066  -34.5072
 -15.0874  -34.5658
 -15.0654  -34.6356
 -15.0434  -34.6874
 -15.0297  -34.7279
 -15.2421  -34.7935
 -15.2036  -34.8945
 -15.1925  -34.9686
 -15.1348  -35.1276
 -15.0773  -35.2237
 -15.0690  -35.2572
 -15.2760  -35.2911
 -15.4857  -35.3295
 -15.6301  -35.3454
 -15.8235  -35.3793
 -15.9706  -35.4019
 -16.1367  -35.4267
 -16.2811  -35.4382
 -16.4392  -35.4429
 -16.5754  -35.4432
 -16.7307  -35.4636
 -16.9105  -35.4973
 -17.0303  -35.5199
 -17.1828  -35.5402
 -17.3463  -35.5650
 -17.4770  -35.5764
 -17.6269  -35.5878
 -17.7413  -35.6014
 -17.8639  -35.6150
 -17.8472  -35.7261
 -17.8306  -35.8016
 -17.8249  -35.8837
 -17.8112  -35.9369
 -17.8002  -35.9612
 -17.7919  -35.9900
 -17.6367  -35.9676
 -17.6256  -36.0207
 -17.6063  -36.0826
 -17.5925  -36.1732
 -17.5813  -36.2461
 -17.5703  -36.2814
 -17.5566  -36.3321
 -17.4613  -36.2834
 -17.4285  -36.3318
 -17.4091  -36.4221
 -17.3980  -36.5058
 -17.3924  -36.5585
 -17.3868  -36.5937
 -17.3785  -36.6486
 -17.3587  -36.8875
 -17.3312  -36.9662
 -17.3309  -37.0689
 -17.3199  -37.1278
 -17.2951  -37.2019
 -17.2868  -37.2542
 -17.2730  -37.2999
 -17.2593  -37.3304
 -17.5316  -37.4027
 -17.5096  -37.4591
 -17.4931  -37.5264
 -17.4900  -37.6327
 -17.4788  -37.7517
 -17.4457  -37.8727
 -17.4210  -37.9396
 -17.4045  -37.9957
 -17.3989  -38.0345
 -17.3824  -38.0905
 -17.1754  -38.0491
 -17.1396  -38.1718
 -17.1148  -38.2621
 -17.1010  -38.3071
 -17.0790  -38.3715
 -17.0735  -38.3993
 -17.0734  -38.4229
 -16.8391  -38.4053
 -16.5449  -38.3726
 -16.4305  -38.3617
 -16.3835  -38.5737
 -16.1166  -38.5454
 -16.1000  -38.6052
 -16.0726  -38.6650
 -16.0342  -38.7568
 -16.0012  -38.8356
 -15.9518  -38.9505
 -15.9244  -39.0185
 -15.9079  -39.0653
 -15.8886  -39.1310
 -15.8639  -39.1755
 -16.0518  -39.2331
 -16.0298  -39.2861
 -16.0051  -39.3664
 -15.9913  -39.4256
 -15.9830  -39.4594
 -15.9719  -39.5058
 -15.9664  -39.5312
 -15.9990  -39.5629
 -15.9549  -39.7439
 -16.1918  -39.7801
 -16.3607  -39.8120
 -16.5132  -39.8312
 -16.5513  -39.8396
 -16.5101  -39.9466
 -16.4853  -40.0597
 -16.4632  -40.1434
 -16.4494  -40.2061
 -16.4246  -40.2854
 -16.5880  -40.3128
 -16.7160  -40.3402
 -16.8630  -40.3842
 -16.8104  -40.6461
 -16.7528  -40.7787
 -16.8289  -40.8348
 -16.7819  -41.0579
 -16.7626  -41.1382
 -16.7570  -41.1835
 -16.7514  -41.2205
 -16.7023  -41.2369
 -16.6310  -41.3662
 -16.6308  -41.4463
 -16.6170  -41.4995
 -16.5950  -41.5548
 -16.5051  -41.5546
 -16.4805  -41.5853
 -16.4503  -41.6527
 -16.4337  -41.7099
 -16.4200  -41.7547
 -16.2565  -41.7340
 -16.2044  -41.8380
 -16.1988  -41.9092
 -16.1850  -41.9662
 -16.1437  -42.0941
 -16.1298  -42.1651
 -16.1188  -42.2157
 -16.0995  -42.2582
 -16.0315  -42.2399
 -15.9573  -42.4358
 -16.1669  -42.4967
 -16.1175  -42.6115
 -16.1009  -42.6698
 -16.0762  -42.7441
 -16.0652  -42.7722
 -16.0460  -42.8063
 -16.1303  -42.8586
 -16.1684  -42.8687
 -16.1655  -42.9168
 -16.1544  -42.9828
 -16.3179  -43.0011
 -16.2987  -43.0451
 -16.2548  -43.1209
 -16.2055  -43.2026
 -16.1835  -43.2603
 -16.1643  -43.3081
 -16.1450  -43.3637
 -16.2322  -43.3798
 -16.2181  -43.5049
 -16.1824  -43.5861
 -16.1605  -43.6355
 -16.1412  -43.6968
 -16.1302  -43.7324
 -16.1518  -43.7838
 -16.1324  -43.8922
 -16.0939  -43.9808
 -16.0801  -44.0397
 -16.0580  -44.1359
 -16.0415  -44.1928
 -16.0111  -44.3064
 -15.9974  -44.3337
 -15.9590  -44.4138
 -15.7760  -44.5189
 -15.6177  -44.5926
 -15.4703  -44.6683
 -15.3475  -44.7477
 -15.3467  -44.9822
 -15.2185  -45.0129
 -15.1363  -45.1344
 -15.0841  -45.2827
 -15.0594  -45.3249
 -14.8083  -45.4263
 -14.7510  -45.4492
 -14.6659  -45.6425
 -14.6165  -45.7360
 -14.5727  -45.8103
 -14.5343  -45.8655
 -14.2183  -45.8573
 -14.1196  -46.0207
 -14.0295  -46.0661
 -13.8959  -46.1075
 -13.7977  -46.1263
 -13.6832  -46.1508
 -13.5986  -46.1620
 -13.5195  -46.1959
 -13.4617  -46.3508
 -13.4314  -46.4544
 -13.4176  -46.5165
 -13.4011  -46.5522
 -13.5123  -46.6988
 -13.5339  -46.7513
 -13.4955  -46.8318
 -13.4707  -46.9102
 -13.4514  -46.9755
 -13.4267  -47.0351
 -13.3991  -47.1226
 -13.3826  -47.1672
 -13.3743  -47.1913
 -13.3579  -47.2265
 -13.4747  -47.3380
 -13.3812  -47.5560
 -13.0762  -47.5038
 -12.5561  -47.4143
 -12.3137  -47.3694
 -12.1067  -47.3321
 -11.8480  -47.2779
 -11.6029  -47.2293
 -11.4396  -47.1900
 -11.2300  -47.1302
 -11.1210  -47.1058
 -11.0279  -47.2376
 -10.1126  -47.9184
 -10.0412  -48.0920
  -9.9836  -48.1776
  -9.9507  -48.2595
 -10.0239  -48.3505
 -10.1054  -48.4360
 -10.1515  -48.4795
 -10.1759  -48.5067
 -10.0689  -48.7162
 -10.0113  -48.8278
  -9.9810  -48.9212
  -9.9451  -49.0538
  -9.8875  -49.1432
  -9.8627  -49.2200
  -9.3671  -49.1388
  -9.1111  -49.0866
  -8.8687  -49.0504
  -8.5937  -48.9800
  -8.4711  -48.9691
  -8.3867  -48.9618
  -8.2828  -49.0441
  -8.1653  -49.1530
  -8.0586  -49.2529
  -7.9519  -49.3721
  -7.8807  -49.4697
  -7.8532  -49.5318
  -8.0792  -49.5977
  -8.0105  -49.7338
  -7.9639  -49.8326
  -7.8981  -49.9381
  -7.8624  -50.0136
  -7.8267  -50.0750
  -7.8021  -50.1065
  -7.7856  -50.1363
  -7.5622  -50.1219
  -7.3307  -50.0918
  -7.1754  -50.0880
  -7.1100  -50.0844
  -7.0907  -50.1405
  -7.0358  -50.2383
  -7.0083  -50.3082
  -6.9782  -50.3569
  -6.9507  -50.4040
  -6.9343  -50.4370
  -6.6974  -50.3931
  -6.4496  -50.3439
> 9318 SOUTH ATLANTIC RIDGE                              
  -6.4496  -50.3439
  -4.2467  -52.0478
  -3.9533  -51.9819
  -2.3667  -54.3296
  -1.3867  -54.0559
  -0.4400  -54.8700