> 9201 NORTH & CENTRAL ATLANTIC RIDGE AXIS               
 -32.2971   37.4118
 -32.3909   37.1394
 -32.6448   37.1760
 -32.7066   37.0349
 -32.9468   37.0643
 -33.0039   36.9175
 -33.2235   36.9432
 -33.3173   36.6931
 -33.5941   36.7410
 -33.7725   36.1848
 -33.9852   36.2200
 -34.0539   36.0716
 -34.1408   36.0772
 -34.3352   35.6153
 -34.4587   35.6265
 -34.7470   35.0097
 -36.3733   35.2803
 -36.6249   34.6910
 -36.7873   34.7118
 -36.8605   34.5568
 -37.0481   34.5662
 -37.2448   34.1241
 -37.3363   34.1394
 -37.5307   33.7046
 -37.6794   33.7352
 -37.8007   33.5017
 -39.4018   33.7657
 -39.5848   33.0656
 -39.6992   33.0829
 -40.5501   31.8008
 -40.7080   31.8145
 -41.1814   31.1971
 -41.4285   31.2364
 -42.1376   29.9741
 -42.7255   30.0697
 -43.0365   29.4710
 -43.0892   29.4690
 -43.4849   28.8022
 -43.5604   28.8123
 -43.9446   28.1027
 -44.0224   28.1088
 -44.3861   27.2352
 -44.5073   27.2536
 -44.8642   26.2824
 -44.8162   26.2700
 -44.8985   26.0574
 -45.0929   26.0822
 -45.5001   25.1926
 -45.7883   25.2530
 -46.1177   24.5875
 -46.1955   24.5980
 -46.4791   23.9185
 -44.9214   23.6491
 -45.0243   22.9645
 -45.0678   22.9751
 -45.2462   21.8052
 -45.3880   21.8244
 -45.5138   21.2487
 -45.4200   21.2230
 -45.5596   20.5932
 -45.7723   20.6212
 -45.9416   19.8007
 -45.9987   19.8245
 -46.1840   18.9301
 -46.2275   18.9366
 -46.3190   18.4200
 -46.3899   18.4200
 -46.5226   17.5882
 -46.4059   17.5685
 -46.5866   16.6049
 -46.5294   16.5895
 -46.7513   15.4413
 -45.1254   15.2648
> 9201 NORTH & CENTRAL ATLANTIC RIDGE AXIS               
 -32.2698   37.3750
 -31.5147   37.2837
 -31.3683   37.7048
 -31.0731   37.6793
 -30.6063   38.3996
 -30.4279   38.3870
 -29.9062   39.3866
 -29.7620   39.3973
 -29.6087   39.9929
 -29.6102   40.0342
 -29.5880   40.0739
 -29.5800   40.1051
 -29.6535   40.1068
 -29.6382   40.2059
 -29.6282   40.2908
 -29.5949   40.3809
 -29.5749   40.4674
 -29.5711   40.5529
 -29.5671   40.5991
 -29.3399   40.5659
 -29.3081   40.7027
 -29.2778   40.8690
 -29.2591   40.9825
 -29.2391   41.1228
 -29.2247   41.2098
 -29.3199   41.2457
 -29.2837   41.3845
 -29.2470   41.5257
 -29.2144   41.6796
 -29.1967   41.8030
 -29.1583   41.9123
 -29.2612   41.9269
 -29.2445   42.0824
 -29.2442   42.1805
 -29.2285   42.2330
 -29.2223   42.2888
 -29.4283   42.2861
 -29.3897   42.4150
 -29.3600   42.5300
 -29.3402   42.6067
 -29.3218   42.6737
 -29.3147   42.7148
 -29.3758   42.7278
 -29.3505   42.8359
 -29.3264   42.9539
 -29.3108   43.0237
 -29.3101   43.0849
 -29.1737   43.0770
 -29.0994   43.2097
 -29.0063   43.3874
 -28.9364   43.4911
 -28.8841   43.6260
 -28.8334   43.6971
 -28.7955   43.7719
 -28.5286   43.7624
 -28.5103   43.8392
 -28.4886   43.9327
 -28.4735   44.0269
 -28.4463   44.0954
 -28.4434   44.1443
 -28.4257   44.1990
 -28.3710   44.1811
 -28.3229   44.3014
 -28.2918   44.4038
 -28.2558   44.5132
 -28.2123   44.6241
 -28.1628   44.7467
 -28.1453   44.8137
 -28.1353   44.8618
 -28.1049   44.9078
 -28.1650   44.9190
 -28.1408   44.9681
 -28.1170   45.0319
 -28.1065   45.0652
 -28.0733   45.1232
 -27.9981   45.1004
 -27.9904   45.1684
 -27.9807   45.2141
 -27.9759   45.2849
 -27.9807   45.3445
 -27.9445   45.3332
 -27.9384   45.3941
 -27.9345   45.4281
 -27.9228   45.4662
 -27.8803   45.4518
 -27.8671   45.4798
 -27.8577   45.5231
 -27.8751   45.5397
 -27.8207   45.5314
 -27.8025   45.5983
 -27.7757   45.7036
 -27.7593   45.8248
 -27.7470   45.8801
 -27.6930   45.8840
 -27.6886   45.9353
 -27.6748   45.9804
 -27.6001   45.9821
 -27.5897   46.0745
 -27.5703   46.1437
 -27.5623   46.2093
 -27.5057   46.2079
 -27.4915   46.2999
 -27.4862   46.3533
 -27.4740   46.4825
 -27.4449   46.6368
 -27.4418   46.6956
 -27.4416   46.7571
 -27.3705   46.7540
 -27.3685   46.8523
 -27.3549   46.9246
 -27.3264   46.9978
 -27.3790   47.1096
 -27.4323   47.2042
 -27.4678   47.2673
 -27.4640   47.3431
 -27.4650   47.4000
 -27.4658   47.4714
 -27.4417   47.5255
 -27.4497   47.5977
 -27.4671   47.6613
 -27.5674   47.6551
 -27.5919   47.7809
 -27.6215   47.8852
 -27.6354   47.9951
 -27.6525   48.0907
 -27.7061   48.2049
 -27.7175   48.3245
 -27.7301   48.4244
 -27.7446   48.5172
 -27.7493   48.5892
 -27.8860   48.6087
 -28.0096   48.6071
 -28.0424   48.6870
 -28.0881   48.8076
 -28.1576   48.9084
 -28.2070   48.9999
 -28.2596   49.0940
 -28.3176   49.1666
 -28.3582   49.2176
 -28.4219   49.2833
 -28.4497   49.3724
 -28.4887   49.4798
 -28.5374   49.5784
 -28.5651   49.6379
 -28.7182   49.6506
 -28.8172   49.6504
 -28.8620   49.7362
 -28.9018   49.8116
 -28.9689   49.9018
 -28.9798   49.9867
 -28.9964   50.0648
 -29.0155   50.1480
 -29.1211   50.1900
 -29.2019   50.2248
 -29.3256   50.3251
 -29.4248   50.4156
 -29.5061   50.4674
 -29.5387   50.4950
 -29.6585   50.6020
 -29.7665   50.6930
 -29.8362   50.7484
 -29.8746   50.7863
 -29.9052   50.8605
 -29.9364   50.9322
 -29.9820   50.9928
 -29.9817   51.1014
 -30.0029   51.2560
 -30.0065   51.4191
 -30.0041   51.6261
 -30.0096   51.7622
 -30.0209   51.8545
 -30.0356   51.9495
 -30.0221   52.0272
 -30.3681   52.0588
 -30.8069   52.0890
 -31.0573   52.1011
 -31.2693   52.1047
 -31.2547   52.2589
 -31.2577   52.3454
 -31.2587   52.4218
 -31.5768   52.4697
 -31.8655   52.5048
 -32.0606   52.5230
 -32.3502   52.5569
 -32.6456   52.5831
 -32.8619   52.5988
 -33.0090   52.6174
 -33.3272   52.6309
 -33.7150   52.6423
 -34.1698   52.6681
 -34.5660   52.6796
 -34.9326   52.7032
 -34.8764   52.6983
 -35.0182   52.6994
 -35.1427   52.7120
 -35.1588   52.8602
 -35.1644   52.9909
 -35.1773   53.1315
 -35.1813   53.2056
 -35.3212   53.2407
 -35.2850   53.3819
 -35.2588   53.4694
 -35.2541   53.5110
 -35.4531   53.5458
 -35.3897   53.6713
 -35.3179   53.8309
 -35.2581   53.9540
 -35.2065   54.1118
 -35.1560   54.2205
 -35.1122   54.3048
 -35.3041   54.3224
 -35.4885   54.3343
 -35.4132   54.5160
 -35.3614   54.6739
 -35.2927   54.7894
 -35.2661   54.9064
 -35.2028   54.9703
 -35.3283   54.9974
 -35.2547   55.1471
 -35.1684   55.3258
 -35.0788   55.4896
 -34.9671   55.6843
 -34.8980   55.7775
 -34.8709   55.8502
 -34.6306   55.8129
 -34.6179   55.9353
 -34.5651   56.0610
 -34.5127   56.2114
 -34.4982   56.3437
 -34.4663   56.4407
 -34.4396   56.5011
 -34.3376   56.4965
 -34.3119   56.5790
 -34.2547   56.6601
 -34.2193   56.7447
 -34.0739   56.6985
 -34.0483   56.7760
 -33.9987   56.8328
 -33.9698   56.9003
 -33.8062   56.8800
 -33.6852   56.8764
 -33.5872   56.8689
 -33.5652   56.9959
 -33.5445   57.0885
 -33.5178   57.1635
 -33.5010   57.2587
 -33.3805   57.2696
 -33.2049   57.2824
 -33.0820   57.4507
 -33.0129   57.5480
 -32.9733   57.6099
 -32.9117   57.6657
 -32.8142   57.6453
 -32.7007   57.7745
 -32.6187   57.8807
 -32.4964   57.9549
 -32.4615   58.0096
 -32.2680   58.0003
 -32.1202   58.1418
 -31.9733   58.2536
 -31.8652   58.3355
 -31.8081   58.3985
 -31.7404   58.4658
 -31.5569   58.4439
 -31.4265   58.5711
 -31.3035   58.6838
 -31.1790   58.7989
 -31.0413   58.8882
 -30.9666   58.9720
 -30.8011   58.9454
 -30.6404   59.0946
 -30.4614   59.2347
 -30.3018   59.3862
 -30.1682   59.5271
 -30.0415   59.6240
 -29.8471   59.7476
 -29.6455   59.8730
 -29.5120   59.9664
 -29.3658   60.0811
 -29.2257   60.1738
 -29.1150   60.2663
 -29.0213   60.3354
 -28.9119   60.3039
 -28.8207   60.4227
 -28.6367   60.5586
 -28.4116   60.7054
 -28.1851   60.8494
 -28.0308   60.9599
 -27.8457   61.0676
 -27.5758   61.2542
 -27.3954   61.3917
 -27.2325   61.5333
 -27.0268   61.6607
 -26.7526   61.8311
 -26.5289   61.9413
 -26.3172   62.1024
 -26.1091   62.2389
 -25.8867   62.3786
 -25.6553   62.5097
 -25.4366   62.6218
 -25.3026   62.6176
 -25.1601   62.7150
 -25.0371   62.8045
 -24.8826   62.9207
 -24.7316   62.9969
 -24.5291   63.1151
 -24.4375   63.0998
 -24.2461   63.2341
 -24.0083   63.3479
 -23.7325   63.4746
 -23.4792   63.5685
 -23.3206   63.6530
 -23.1626   63.6973
 -23.0541   63.6513
 -22.8771   63.7713
 -22.8047   63.7953
 -22.6496   63.8142
 -22.5473   63.8394
 -22.4603   63.8944
 -22.3517   63.9467
 -22.2836   63.9711
> 9201 NORTH & CENTRAL ATLANTIC RIDGE AXIS               
 -22.2478   63.8145
 -22.1490   63.8602
 -22.0700   63.9186
 -21.9473   63.9815
 -21.8427   64.0340
> 9201 NORTH & CENTRAL ATLANTIC RIDGE AXIS               
 -21.9255   63.8670
 -21.8541   63.9136
 -21.7739   63.9642
 -21.7222   63.9981
 -21.6973   64.0177
> 9201 NORTH & CENTRAL ATLANTIC RIDGE AXIS               
 -21.7294   63.8162
 -21.6239   63.8786
 -21.5711   63.9224
 -21.4157   64.0138
 -21.3191   64.0695
 -21.2618   64.1434
 -21.1614   64.2114
 -21.0207   64.3020
> 9201 NORTH & CENTRAL ATLANTIC RIDGE AXIS               
 -20.8956   64.1246
 -20.7944   64.1924
 -20.6136   64.3282
 -20.4550   64.4314
 -20.3589   64.5127
 -20.1767   64.6279
 -20.0321   64.7075
 -19.9101   64.7876
 -19.8020   64.8491
 