> 9401 CARLSBERG RIDGE, NORTHWEST INDIAN OCEAN           
  58.3529   12.7844
  58.2118   12.3710
  58.1059   12.0605
  57.8941   11.6460
  57.7529   11.3694
  57.5765   11.1271
  57.4000   10.8499
  57.2235   10.6418
  57.1176   10.4336
  56.9412   10.3295
  56.6941   10.1211
  56.9059    9.9821
  57.1529    9.8778
  57.4000    9.9473
  57.6471    9.9473
  57.8235    9.8430
  58.1059    9.7039
  58.1059    9.5647
  58.0706    9.3906
  58.1412    9.2513
  58.2471    9.2165
  58.4588    9.1120
  58.4235    8.9725
  58.4235    8.7982
  58.3882    8.5539
  58.6353    8.3096
  58.7765    8.1698
  58.9882    8.0650
  59.1294    8.0650
  59.3412    8.0650
  59.5529    7.8903
  59.7647    7.7504
  59.6235    7.5055
  59.5882    7.3305
  59.7294    7.1905
  59.9765    7.1204
  60.1176    6.9453
  60.2588    6.7701
  60.4000    6.5598
  60.5765    6.3844
  60.8588    6.2090
  60.9294    6.1037
  61.2118    5.8931
  61.4235    5.7878
  61.6353    5.6473
  61.5647    5.3663
  61.7412    5.3311
  61.9529    5.3311
  62.1294    5.2257
  62.1647    5.0148
  62.2000    4.7686
  62.3765    4.6279
  62.5176    4.5576
  62.5529    4.3464
  62.7294    4.2056
  62.9412    4.0296
  63.1529    3.9240
  63.3294    3.9240
  63.5059    3.8184
  63.7176    3.7831
  63.9647    3.7479
  64.1059    3.7127
  64.2824    3.6423
  64.4588    3.4661
  64.6000    3.3604
  64.7412    3.2547
  65.0588    3.0433
  65.2000    2.9376
  65.4118    3.0433
  65.7294    3.0785
  65.9412    3.0433
  66.0471    2.9023
  66.2235    2.7613
  66.4000    2.6555
  66.6118    2.5145
  66.7176    2.3382
  66.7882    2.1619
  66.7176    1.9502
  66.7176    1.7386
  66.6824    1.6680
  66.8588    1.4916
  67.0353    1.3858
  67.1412    1.2446
  67.2471    1.0682
  67.3529    0.9270
  67.2471    0.8565
  67.1412    0.6800
  67.0353    0.5035
  66.9294    0.3977
  67.0706    0.2212
  67.2471    0.1153
  67.1412   -0.0965
  67.0353   -0.3082
  67.0706   -0.4494
  67.2471   -0.5200
  67.3882   -0.5553
  67.3882   -0.7317
  67.6706   -0.9082
  67.4235   -1.3316
  67.6706   -1.5080
  67.8118   -1.6492
  68.0235   -1.7550
  67.9882   -2.0019
  68.2353   -2.1430
  68.1294   -2.3899
  67.9882   -2.6367
  68.2706   -2.8835
  68.1647   -3.0245
  68.0235   -3.2007
  68.2353   -3.3768
  68.3765   -3.4825
  68.5529   -3.5530
  68.6941   -3.6234
