-115.7158   33.3408
-115.6279   33.2626
-115.5949   33.2355
-115.6865   33.1515
-115.7180   33.1307
-115.5941   33.0397
-115.5085   32.9593
-115.5829   32.8757
-115.4124   32.7096
-115.2105   32.5132
-115.3291   32.4197
-115.0858   32.2367
-114.7668   31.9958
-114.5205   31.7850
-114.3328   31.5995
-114.2059   31.4593
-114.1181   31.3563
-114.3290   31.1932
-114.4394   31.0963
-114.3028   30.9107
-114.1293   30.6799
-113.9859   30.5117
-113.8073   30.3132
-114.0400   30.1196
-113.9101   29.9824
-113.7584   29.8339
-113.8688   29.7285
-113.9694   29.6465
-113.7742   29.4397
-113.5219   29.2055
-113.2824   29.0084
-113.3403   28.9496
-113.0880   28.7155
-112.8125   28.4976
-112.5887   28.3223
-112.3214   28.1261
-112.0151   27.9049
-111.7095   27.6933
-111.5061   27.5709
-111.3829   27.4959
-111.5684   27.2137
-111.3739   27.1042
-111.5053   26.9274
-111.2283   26.7226
-110.9573   26.5357
-110.7605   26.4161
-110.6780   26.3600
-110.7801   26.2253
-110.5721   26.0647
-110.2913   25.8910
-110.0240   25.7075
-109.8709   25.6081
-109.8055   25.5577
-110.0075   25.3409
-109.7883   25.1791
-109.5908   25.0178
-109.3491   24.8555
-109.1779   24.7363
-109.0608   24.6588
-109.2747   24.3971
-109.0037   24.1521
-108.8047   23.9839
-108.6110   23.8147
-108.4399   23.6751
-108.3573   23.6122
-108.6508   23.2429
-108.3881   23.0832
-108.2026   22.9929
-108.0983   22.9380
-108.4669   22.0785
-108.3971   22.0408
-108.7725   21.2616
-108.6891   21.2511