> AZORES SPREADING CENTER AND TRIPLE JUNCTION       (9205)
 -29.3347   39.3134
 -29.2974   39.2571
 -29.2608   39.2518
 -29.1854   39.2773
 -29.1473   39.2921
 -29.0879   39.3229
 -29.0506   39.3365
 -28.9828   39.3654
 -28.9516   39.3802
 -28.8944   39.4133
 -28.8525   39.3725
 -28.7817   39.3010
 -28.7436   39.2642
 -28.6880   39.2157
 -28.6644   39.1801
 -28.6202   39.1196
 -28.5676   39.1285
 -28.4854   39.1570
 -28.4503   39.1327
 -28.4214   39.0911
 -28.3963   39.0567
 -28.3665   39.0193
 -28.3437   38.9937
 -28.2896   38.9384
 -28.2134   38.9521
 -28.1220   38.9675
 -28.0603   38.9830
 -27.9552   39.0056
 -27.7945   39.0014
 -27.7206   38.9420
 -27.6772   38.9134
 -27.6056   38.8652
 -27.5606   38.8342
 -27.4867   38.7830
 -27.2399   38.7776
 -27.2019   38.7018
 -27.1729   38.6660
 -27.1272   38.6092
 -27.0891   38.5692
 -27.0305   38.4920
 -27.0061   38.4645
 -26.9429   38.3991
 -26.9025   38.3590
 -26.8286   38.2798
 -26.7174   38.4201
 -26.6481   38.3572
 -26.6146   38.3224
 -26.5346   38.2557
 -26.4957   38.2221
 -26.4158   38.1481
 -26.3800   38.1180
 -26.3030   38.0470
 -26.1720   38.0374
 -26.0768   37.9656
 -26.0433   37.9355
 -25.9183   37.8401
 -25.8102   37.8787
 -25.7363   37.8153
 -25.6997   37.7887
 -25.6342   37.7234
 -25.5375   37.8183
 -25.4621   37.7506
 -25.4278   37.7180
 -25.3539   37.6623
 -25.2678   37.7688
 -25.1002   37.6483
 -24.9837   37.6435
 -24.9327   37.6077
 -24.8900   37.5847
 -24.8435   37.5520
 -24.8154   37.5338
 -24.7765   37.4986
 -24.7339   37.4676
 -24.6645   37.4105
 -24.7011   37.3534
 -24.7369   37.2731
 -24.7476   37.2171
 -24.6790   37.1281
 -24.6325   37.0963
 -24.5541   37.0170
 -24.4992   36.9724
 -24.4322   36.9088
 -24.3842   36.8653
 -24.3126   36.7906
 -24.2547   36.7814
 -24.1481   36.7876
 -24.0818   36.7925
 -23.9820   36.7998
 -23.9188   36.8090
 -23.8091   36.8213
 -23.7421   36.8304
 -23.6560   36.8445
 -23.5570   36.8568
 -23.4458   36.8684
 -23.3582   36.8708
 -23.2538   36.8837
 -23.1639   36.8880
 -23.0527   36.8947
> PRESENT DAY PLATE BOUNDARY IBERIA/AFRICA          (9101)
 -22.9187   36.9913
 -22.1360   37.0386
 -21.6058   37.0588
 -20.8063   37.1734
 -20.3434   37.2340
 -19.8468   37.3080
 -19.2998   37.4423
 -18.9547   37.5295
 -18.4329   37.6099
 -17.8017   37.7169
 -17.3977   37.7102
 -16.9938   37.6969
 -16.4636   37.6366
 -15.8997   37.5697
 -15.3779   37.4154
 -14.8813   37.2407
 -14.0818   37.5563
 -13.2065   37.0858
 -12.4575   36.6123
 -12.0199   36.3608
 -10.3030   37.2945
  -9.7643   36.7479
  -9.4025   36.3745
  -9.0911   36.0129
  -8.8638   35.7320
  -8.5945   35.3537
  -8.2831   34.9805
  -7.7108   35.1812
  -7.0375   35.4640
  -6.4821   35.7115
  -5.4301   36.0881
  -4.8494   36.2655
  -4.2855   35.7389
  -2.8379   36.3404
  -2.5770   36.0881
  -0.9611   36.6733