> 9401 CENTRAL INDIAN OCEAN RIDGE                        
  68.6941   -3.6234
  68.4824   -3.8348
  68.2706   -4.0108
  68.4118   -4.1516
  68.5529   -4.2572
  68.6941   -4.4684
  68.5882   -4.6795
  68.4471   -4.8202
  68.5882   -4.9608
  68.6235   -5.0663
  68.6588   -5.2069
  68.7294   -5.3124
  68.5882   -5.5232
  68.3765   -5.7339
  68.0235   -6.0148
  68.1647   -6.1552
  68.3059   -6.3306
  68.5176   -6.4709
  68.3765   -6.6813
  68.2000   -6.8215
  67.9176   -7.1017
  68.2706   -7.3468
  68.1294   -7.5568
  67.9176   -7.8016
  68.0588   -7.9415
  68.2353   -8.0813
  68.3059   -8.1861
  68.1294   -8.3957
  67.8824   -8.6051
  67.6000   -8.8144
  67.3882   -8.9539
  67.1765   -9.0933
  66.9294   -9.2675
  66.6118   -9.5461
  66.7529   -9.6853
  66.8588   -9.7896
  66.7176   -9.9635
  66.5059  -10.1025
  66.2941  -10.3109
  66.4353  -10.4845
  66.6118  -10.6233
  66.7529  -10.7967
  66.6118  -10.9700
  66.4000  -11.1086
  66.2941  -11.2817
  66.4353  -11.5238
  66.2235  -11.7313
  66.0471  -11.8349
  65.8000  -12.0076
  65.6235  -12.1111
  65.7294  -12.2491
  65.8353  -12.3870
  66.0471  -12.4560
  66.1176  -12.6282
  66.2235  -12.7315
  66.3647  -12.7660
  66.5412  -13.0412
  66.6471  -13.1443
  66.7882  -13.3161
  66.5059  -13.4191
  66.3647  -13.5907
  66.2235  -13.6936
  66.0118  -13.7965
  66.0471  -14.0020
  66.1529  -14.2416
  66.1529  -14.3442
  66.2588  -14.4810
  66.4353  -14.7542
  66.6471  -14.7542
  66.7882  -14.8224
  66.8941  -15.0270
  67.0000  -15.0952
  67.1412  -15.2315
  67.2471  -15.3676
  67.2471  -15.5037
  67.1412  -15.6397
  67.2824  -15.7756
  67.3882  -15.9454
  67.4235  -16.0132
  67.2471  -16.1150
  67.0000  -16.2844
  66.7529  -16.3861
  66.5412  -16.5214
  66.6824  -16.7582
  66.8941  -16.9271
  66.6118  -17.1295
  66.3647  -17.2644
  66.1529  -17.3992
  65.9412  -17.5338
  65.7294  -17.6684
  65.4824  -17.7357
  65.3412  -17.8029
  65.1647  -17.9708
  65.1294  -18.0379
  65.2353  -18.1721
  65.3412  -18.3397
  65.4118  -18.5071
  65.4824  -18.7078
  65.5882  -18.9751
  65.6941  -19.2085
  65.8353  -19.3751
  65.9412  -19.5747
  66.0471  -19.7741
  66.1882  -19.9401
  66.2588  -20.0396
  66.3647  -20.1722
  66.6118  -20.1391
  66.7882  -20.0396
  66.8588  -20.1391
  66.9647  -20.3708
  67.2471  -20.2716
  67.3882  -20.1722
  67.6000  -20.0728
  67.7412  -20.3378
  67.8118  -20.3708
  68.0588  -20.3047
  68.1294  -20.4370
  68.2000  -20.5362
  68.3412  -20.6353
  68.4118  -20.8004
  68.5882  -20.7344
  68.7647  -20.9982
  68.6235  -21.1299
  68.6941  -21.2945
  68.8000  -21.4259
  68.8353  -21.6229
  68.9765  -21.6557
  69.0824  -21.7869
  69.0824  -21.9507
  69.1882  -22.0161
  69.1529  -22.1796
  69.0824  -22.3103
  69.2588  -22.4408
  69.3647  -22.4735
  69.4706  -22.6690
  69.2588  -22.7667
  69.1529  -22.8643
  69.2235  -23.0593
  69.1529  -23.2540
  69.2588  -23.3836
  69.4000  -23.5131
  69.5412  -23.6748
  69.5412  -23.8364
  69.5765  -23.9654
  69.6471  -24.0944
  69.7176  -24.2232
  69.8941  -24.3197
  70.0000  -24.4483
  70.0353  -24.5125
  69.8941  -24.6409
  69.8235  -24.7051
  69.8941  -24.8653
  70.0706  -24.9933
  70.1765  -25.0892
  70.0353  -25.1851
  69.9647  -25.2809
  70.0000  -25.4085
  70.0000  -25.5678