
> 9401 GULF OF ADEN SPREADING RIDGE                      
  43.6706   12.0260
  43.9529   12.0260
  44.2706   12.0605
  44.6235   12.0951
  45.0471   12.0951
  45.4000   12.0951
  45.8588   12.1296
  46.1412   12.1986
  46.3882   12.1986
  46.5647   12.3365
  46.7765   12.2331
  46.9176   12.4055
  47.0235   12.4744
  47.4118   12.4399
  47.6235   12.6122
  47.8706   12.5433
  48.0824   12.7844
  48.2941   12.6466
  48.5412   12.8188
  48.8588   13.0252
  49.1059   12.9220
  49.3176   13.0596
  49.5294   13.2314
  49.7412   13.4375
  50.0588   13.1970
  50.3059   13.3001
  50.5529   13.3688
  50.8353   13.3345
  51.0824   13.2658
  51.2941   13.1627
  51.4353   13.4031
  51.6118   13.6433
  51.7176   13.9518
  51.8588   14.1572
  51.9294   14.3967
  52.0706   14.6017
  52.2118   14.7041
  52.3176   14.7383
  52.4235   14.6358
  52.7059   14.5334
  52.9176   14.4650
  53.2353   14.3967
  53.4471   14.4309
  53.6588   14.3625
  53.8706   14.3625
  53.9412   14.6358
  53.9412   14.7383
  54.1882   14.6017
  54.3647   14.7383
  54.6824   14.7724
  55.0706   14.8065
  55.3882   14.7724
  55.7059   14.7383
  55.9529   14.6700
  56.1294   14.6358
  56.3412   14.6017
  56.4824   14.4650
  56.6588   14.2941
  56.8706   14.1915
  56.9765   14.0546
  57.1176   13.8148
  57.2588   13.7462
  57.4706   13.6776
  57.5059   13.4718
  57.5059   13.3001
  57.5412   13.0596
  57.8235   12.9564
  57.9647   12.9220
  58.1765   12.8876
  58.3529   12.7844