  -7.2100   82.8700
  -6.2600   83.0000
  -5.2100   83.2500
  -4.1100   83.4300
  -3.1800   83.5700
  -2.3700   83.6900
  -1.2100   83.8700
  -0.4600   83.9900
   0.4600   84.1000
   1.3500   84.2200
   2.2500   84.3500
   2.9800   84.4600
   3.8500   84.5600
   4.0500   84.5900
   4.4600   84.5700
   5.1500   84.6300
   6.6400   84.7600
   8.0800   84.9000
   8.9300   85.0100
   9.7800   84.9600
  10.6600   85.0700
  11.7000   85.1400
  13.3200   85.2800
  14.5800   85.3800
  16.1000   85.4800
  17.9400   85.5900
  19.2800   85.6900
  21.3400   85.8000
  23.4200   85.8200
  25.3000   85.8600
  27.3300   85.8700
  28.1300   85.8800
  29.2000   85.8100
  30.9300   85.9100
  33.4100   86.0500
  35.5200   86.1600
  38.3400   86.2900
  41.6800   86.4300
  43.4200   86.4900
  46.2400   86.5600
  45.9600   86.6000
  47.6000   86.6400
  50.8300   86.7000
  54.5100   86.7500
  58.0900   86.7900
  61.5200   86.8000
  62.4100   86.7600
  66.4600   86.6500
  66.3500   86.6000
  69.6800   86.4700
  68.3000   86.3100
  70.9700   86.2000
  73.0100   86.1000
  75.0300   85.9900
  76.3600   85.9100
  78.4500   85.7700
  81.0300   85.6400
  83.1400   85.5600
  84.7700   85.5000
  84.7500   85.5000
  86.8300   85.4200
  88.4400   85.3500
  89.9500   85.3000
  92.4000   85.2300
  94.1700   85.1600
  95.7700   85.1000
  97.2800   85.0300
  98.6000   84.9600
  99.4700   84.9100
 102.8700   84.6600
 103.8700   84.5800
 105.2700   84.4800
 106.7300   84.3700
 107.6900   84.3000
 108.9400   84.1900
 109.7200   84.1100
 111.0000   83.9700
 112.0200   83.8200
 112.8300   83.6700
 113.7000   83.5100
 114.5200   83.3200
 115.2100   83.1500
 115.8000   83.0100
 116.5700   82.7400
 117.1600   82.5400
 117.7100   82.3000
 118.2700   82.0400
 118.6000   81.8500
 119.1500   81.5500
 119.7100   81.3400
 120.2100   81.0700
 120.5900   80.8700
 121.1500   80.6000
 121.2900   80.5200
 121.9500   80.1700
 122.7000   79.7200
 123.2000   79.4600
 123.9100   78.9100
 124.6700   78.4800
 125.2600   78.0200
 125.5500   77.6800

