 -18.5200   67.4800
 -18.3200   67.7400
 -18.0200   68.0600
 -17.7000   68.4000
 -17.3300   68.7000
 -17.1400   68.8600
 -16.4900   68.8100
 -16.2600   69.0400
 -16.0200   69.2600
 -15.7300   69.5500
 -15.4100   69.8400
 -15.0100   70.1700
 -14.7400   70.3900
 -14.4600   70.3500
 -14.2400   70.5200
 -14.0200   70.7300
 -13.8800   70.8200
 -13.4000   70.7700
 -12.9100   70.7000
 -12.2600   70.5700
 -12.0000   70.7100
 -11.6700   70.8700
 -11.3500   71.0500
 -11.8500   71.1500
 -12.3500   71.2500
 -12.1000   71.3900
 -11.7300   71.5900
 -11.3600   71.7800
 -10.3600   71.6100
  -9.4000   71.4600
  -7.9500   71.2200
  -7.3800   71.1200
  -6.9000   71.2800
  -6.3300   71.3900
  -5.9300   71.4600
  -5.6900   71.5400
  -5.1800   71.4300
  -4.7500   71.3300
  -4.3600   71.4300
  -4.0900   71.4900
  -3.6800   71.4000
  -2.9400   71.5000
  -2.4000   71.5900
  -1.7400   71.6900
  -0.9700   71.8100
  -0.3800   71.9100
   0.2900   72.0200
   0.9100   72.1300
   1.9900   72.3200
   2.7800   72.4400
   3.6200   72.5800
   4.2800   72.7000
   4.9700   72.8200
   5.5900   72.9300
   6.0800   73.0200
   6.7700   73.1400