  36.8700   23.5400
  36.0582   24.9612
  35.8302   25.3318
  35.6467   25.6351
  35.4746   25.9116
  35.2409   26.3207
  35.0946   26.5208
  34.8007   26.9791
  34.6458   27.2191
  34.5239   27.3933
  34.4479   27.5097                               
  36.8700   23.5400
  36.9500   23.4600
  37.0800   23.3400
  37.1900   23.2600
  37.3000   23.1500
  37.3800   23.0700
  37.4400   23.0100
  37.5000   22.9500                               
  37.5500   22.8600
  37.5500   22.8600
  37.6500   22.6700
  37.7500   22.4800
  37.8300   22.3300
  37.8800   22.1400
  37.9400   21.9500
  37.9700   21.7800
  37.9800   21.6900
  38.0200   21.5100
  38.0300   21.3600
  38.0500   21.1800
  38.0600   21.1100
  38.1300   20.9600
  38.2000   20.8000
  38.2400   20.6700
  38.2700   20.5300
  38.2800   20.4200
  38.3400   20.2500
  38.4500   20.0700
  38.5900   19.8600
  38.7200   19.6300
  38.8700   19.4500
  39.0400   19.3100
  39.2200   19.1200
  39.4100   18.8900
  39.5700   18.7400                               
  39.6800   18.6600
  39.6800   18.6600
  39.8000   18.5000
  39.8500   18.4300                               
  39.9200   18.2300
  39.9300   18.2300
  40.0100   18.0900
  40.0800   17.9500
  40.1400   17.8400
  40.2200   17.7000
  40.3000   17.5300
  40.4300   17.3600
  40.5000   17.2600
  40.5800   17.1200
  40.7100   16.9500
  40.8000   16.8000
  40.8700   16.7000                               
  41.0900   16.4300
  41.0900   16.4300
  41.2000   16.2900
  41.3200   16.1300
  41.4700   16.0100
  41.5600   15.9200
  41.5900   15.8600
  41.6600   15.8000                              
  41.6600   15.8000
  41.7800   15.6600
  41.8100   15.6000                              
  41.8100   15.6000                               
  41.8800   15.4600
  41.8800   15.4600
  41.9500   15.3500                                
  41.9500   15.3500                               
  42.0300   15.2100
  42.0300   15.2100
  42.0900   15.0800                                
  42.0900   15.0800                              
  42.1400   14.9800
  42.1400   14.9800
  42.2200   14.8500                               
  42.2300   14.7900
  42.2300   14.7900
  42.2800   14.6800                               
  42.2800   14.6800                              
  42.2700   14.3100
  42.2700   14.3100
  42.3700   14.0800
  42.4600   13.8500                               
  42.4600   13.8500                              
  42.5600   13.7600
  42.5600   13.7600
  42.6600   13.6400                              
  42.6600   13.6400                              
  42.8000   13.4700
  42.8000   13.4700
  43.0200   13.2300
