   7.0800   73.2100
   7.3800   73.2500
   7.7900   73.3700
   8.1400   73.4300
   8.4000   73.4900
   8.6400   73.5300
   8.8200   73.6300
   8.9600   73.7100
   9.0500   73.7600
   9.1400   73.8800
   9.1800   73.9800
   9.2200   74.1000
   9.1600   74.2400
   9.1200   74.3800
   8.9800   74.5400
   8.8000   74.7600
   8.6400   74.9400
   8.4600   75.0700
   8.2100   75.1900
   7.9500   75.3800
   7.8400   75.5300
   7.6300   75.7300
   7.5700   75.9800
   7.5300   76.1200
   7.4700   76.2800
   7.5500   76.4300
   7.5500   76.6000
   7.6200   76.8000
   7.6200   76.9700
   7.6700   77.1500
   7.8000   77.4800
   7.8600   77.7100
   7.8100   77.9100
   7.8400   78.0900
   7.8000   78.2400
   6.7800   78.4400
   5.6300   78.6400
   4.6900   78.8100
   3.8600   78.9500
   3.4200   79.0300
   3.8700   79.2300
   4.4100   79.5300
   3.2700   79.6600
   2.3900   79.7800
   1.4800   79.9100
   0.6100   80.0300
  -0.2500   80.1500
  -0.9800   80.2200
  -1.7600   80.3100
  -2.3200   80.3700
  -1.7000   80.6300
  -2.9200   80.7500
  -3.4000   80.7900
  -2.8200   80.9900
  -2.4200   81.1300
  -3.4800   81.2500
  -4.6700   81.3700
  -4.1400   81.5500
  -3.8600   81.6200
  -5.0300   81.9100
  -4.5100   82.0500
  -3.8500   82.2900
  -3.7300   82.3300
  -5.0000   82.5200
  -5.8700   82.6900
